0.9909882	34.5598441	-34.7540546	34.6858231	13.4716167	22.493273	2.3528677	23.2625876	9.9310972	28.4574354	28.6776755	23.9624515	5.1015561	7.7565914	9.1534458	8.6532317	
0.5990026	29.0957475	-27.6269981	31.0662347	10.6587357	27.7759914	3.1354543	22.7458616	6.8654816	27.4601757	20.4619233	26.127415	2.6599824	7.7013478	8.3269621	7.4169095	
0.4590396	38.9565625	-38.306846	25.9724012	11.2591375	18.7241844	5.6933109	24.1083437	4.9794021	27.2036337	22.9252939	22.951865	6.1629025	7.5460754	8.015167	7.8175969	
0.6871171	37.4622816	-38.0763614	34.6814527	4.5001971	27.9643542	3.6921378	25.6256085	6.911057	27.8693552	28.8185092	19.7818172	4.3655462	9.1828784	9.4942987	9.5010691	
0.6634713	30.629974	-36.9975114	34.094648	23.0019704	23.7088763	5.0604983	25.9864238	13.154786	27.345298	25.1763895	26.7626905	4.3077262	8.1178994	9.1855178	7.7574182	
0.8242655	37.4474236	-38.723015	38.0089099	26.2632202	12.8764021	2.9709719	27.9184412	27.3772024	29.6552823	25.0384989	28.9132568	0.5949809	9.6227951	9.4869495	9.0939037	
0.9915459	4.4545179	-32.3111799	35.6564593	4.2241457	26.7321475	6.2791073	22.2376909	9.9122343	27.8853096	24.6502427	29.3734023	7.5568479	7.3689282	9.1574643	9.7428093	
0.5827574	34.7325072	-35.258303	35.1563995	7.4255674	21.6312722	1.8828003	26.3201766	5.875475	27.9340272	26.3494019	27.3401975	2.8606129	8.8735722	9.0164701	8.0704279	
0.9826623	21.3170471	-37.2987612	19.3663158	8.1692264	15.3015972	3.4909999	24.2178649	7.7518342	29.3818945	29.0180161	29.2916502	5.0278662	9.8515142	8.9101807	9.9727383	
0.3767493	27.1691752	-33.5916934	20.9314727	17.4935277	27.2474247	1.2228564	19.4077889	2.8637018	27.1455067	20.6311064	23.5545133	3.1586528	7.0418579	8.5197732	9.1952363	
0.1930297	36.3790033	-31.2002766	31.4290105	22.1309875	29.1383129	2.8040989	24.4762686	5.0253729	27.143853	27.7608547	26.3092265	1.1316299	9.5676277	9.3571769	8.3919572	
0.6540534	31.8244952	-34.6789564	33.1190221	7.1987579	26.1738957	3.9536922	24.8817963	6.5390709	27.0517666	26.6457308	24.8898049	4.936515	7.3820183	8.6148697	8.9176823	
0.2966759	19.9928602	-15.8305205	23.3040443	8.7320851	26.5815827	10.3895105	19.5137753	5.3519072	26.739164	23.4599538	20.5588101	9.4165333	8.6576618	6.2829279	7.7493129	
0.9306528	30.232345	-33.9761083	35.7825719	10.3968361	25.4049528	5.0134118	24.2360267	7.6248486	28.4845751	22.7334449	28.3587968	4.3899669	8.1531409	9.6576532	7.211764	
0.1653994	31.6876852	-34.824786	33.7634682	5.5445425	25.3410721	3.4018733	24.7724868	9.6443993	28.3306616	19.9324667	12.4512174	6.0889766	5.0641185	7.1409286	8.4849944	
0.3231808	33.4368605	-33.9501784	22.0044572	7.1362923	20.4567567	9.3149775	25.6052106	12.3347567	28.9097344	23.8684059	22.9234854	5.4253687	7.7572011	7.5433507	7.8745939	
0.4224887	28.9964638	-29.9710418	32.1646545	9.1945478	26.5424924	7.7692582	22.8268928	7.1408817	23.9454012	28.7100872	26.4305202	3.482963	8.3263497	9.3044926	6.6768115	
0.2999036	23.1262069	-33.7561347	24.7364333	16.1033748	25.1438289	5.4420362	25.3118021	5.3031033	26.9751361	22.9211274	21.7733215	4.1393701	7.6766163	9.0778603	6.3066087	
0.8644005	26.4907532	-31.4306529	32.8761192	10.4971377	23.9440585	4.1844219	24.8324742	7.0726503	27.2231665	23.9879935	26.0316903	4.9798023	7.9639159	8.83251	8.5807871	
0.8295776	9.5702638	-35.9646351	33.1666695	5.6360049	13.655257	6.223205	28.3812752	2.5643251	23.6740803	14.5556687	24.1218203	6.9718927	3.9227153	9.2406089	9.7793964	
0.4272875	31.4855281	-37.7752401	31.3994656	11.5611436	29.1419673	3.8700035	22.3376957	2.8378233	28.2753792	27.3277063	22.5650062	4.893562	8.8295261	8.6334757	8.9836519	
0.3853807	28.9280977	-32.4244262	33.4413366	9.0828375	26.7041771	2.9688135	23.8214618	3.1974968	28.6165753	27.5966186	25.1565363	2.8024271	8.9406395	8.7156337	8.9076116	
0.9972531	12.5315306	-30.2233707	29.2870719	21.2438439	27.8683404	1.4448042	22.9661593	15.6042574	29.7903795	17.3998666	27.9424377	3.9236995	6.6102394	9.0170432	9.8361418	
0.5857213	24.3848972	-31.3291292	32.6320739	17.7866729	24.8130057	3.9144361	22.8276337	7.6083811	27.8442699	22.0562219	25.1830802	5.792301	6.011408	8.763242	8.3143483	
0.7855889	1.9618172	-32.8758068	23.900111	17.4895647	26.5786282	8.5268138	25.7822388	3.2687063	27.2318667	25.7189367	24.3817137	6.2295024	7.0251513	8.2837055	8.7102407	
0.2545359	-2.8763728	-10.0071711	-39.4709836	16.8811067	25.6220309	15.1885433	18.2914547	5.9674769	27.4066508	25.1125224	22.6717221	17.6910134	0.0624688	3.9848867	8.7561088	
0.9702995	22.6748242	-31.8894925	30.4463073	18.5416165	26.5820251	5.1624245	24.2037055	3.608023	27.6948906	26.3503576	24.7549395	2.9488186	8.5557395	8.88334	8.8609517	
0.9702995	15.0571761	-24.0168204	30.135917	24.3242777	27.0342131	4.546813	22.2356707	4.0557674	26.2209495	27.528944	28.3761572	1.9732714	9.9615827	9.282566	9.3885844	
0.5607764	14.6594484	-13.1553922	13.5318277	20.3700111	22.2017559	12.8807503	24.9790785	8.9298171	25.5191412	19.3134267	19.6415595	6.6280229	5.6745707	5.8135615	8.6797921	
0.5024393	19.5402615	-30.3842505	28.4167132	18.0669064	26.5189322	6.0902464	23.1008314	5.9217036	26.9997764	26.152865	24.7192014	5.4600547	8.050311	8.4162993	8.3445242	
0.2523666	26.8299201	-38.7361494	37.2328878	20.898734	8.0051883	11.1592345	23.1312635	11.2269447	23.2778318	16.762788	25.3995028	1.9595242	8.7582138	6.8442001	3.9158711	
0.1627948	17.8826681	-22.0088201	14.6600151	10.3082098	24.0211462	22.5656301	8.5324323	13.7652145	14.002393	24.307181	13.5314127	10.5914384	8.5181413	1.6070948	2.7818879	
0.7992029	27.5829416	-35.2498	31.9973051	9.1257184	22.3198114	3.9805394	25.0818443	5.2312061	26.9075417	20.6824734	25.2037541	4.0759473	7.305349	9.1265995	9.3797484	
0.8484167	13.4502499	-34.7912236	35.5075815	1.9283143	10.0505035	8.3388117	21.6604088	10.8736381	27.3931868	10.8181504	25.6342736	10.778798	4.1958643	9.873781	9.7724222	
0.4621078	19.3398475	-34.7122744	34.0333648	11.8611672	27.0100125	5.2915115	24.6861036	4.9745301	28.4959997	26.4158291	26.1661114	2.4455202	7.9297604	8.2768553	8.6360146	
0.4495354	25.3962031	-30.107441	31.0006876	12.2841287	26.8253723	2.4842659	20.8435706	2.780289	28.7031885	26.4083789	23.2995533	4.8575502	8.9889014	8.1090532	7.4403509	
0.6091002	37.6978	-32.8249286	39.3088188	6.0128013	22.7222979	0.0905837	24.8861728	2.2933541	26.8884602	13.9235967	24.9210944	2.4934543	7.3942025	9.4022234	9.577622	
0.3120352	35.6849742	-30.9402197	31.6733675	22.2883437	29.4246361	5.4136694	17.5566338	3.101778	28.9459909	29.41832	16.4171215	5.2189444	9.349026	9.9332821	8.1661356	
0.6608156	22.2416089	-2.2190991	19.8151181	13.426018	29.8953914	3.0962949	7.1806263	4.933948	29.4141684	29.5370135	12.2867596	12.2838184	9.8360559	9.1369204	9.2563124	
0.5948959	29.2174882	-35.9473211	31.0319346	15.7919766	26.3648544	3.8616817	24.9638239	6.1940453	28.8701318	27.2162172	25.5540342	2.8396985	8.1369825	9.1980975	8.6029527	
0.164055	36.6191323	-39.14005	37.4431184	3.4162261	25.6183965	9.8018795	29.3086588	24.0601555	27.832669	28.9715892	28.3274881	2.6267148	9.1881913	6.46298	7.2761169	
0.0416167	34.963866	-37.0322674	25.7177759	10.2276213	26.5967257	2.0815439	27.9505456	2.3528201	29.5753923	24.5189778	26.8817921	1.0779601	8.7791337	8.9857883	9.7669915	
0.7587852	27.4474386	-34.6510241	28.4418996	15.4785326	28.1146576	3.713539	22.8083025	3.6186127	29.0117619	26.8239188	23.380093	2.9705226	7.9505025	9.0786131	8.0755066	
0.3768569	34.779516	-38.7362389	34.9808141	7.1922641	25.2453416	2.5598648	25.97551	0.879546	28.1613366	24.6964223	28.9427256	1.0679404	7.3888976	9.6446912	8.5365412	
0.2528812	15.3190839	-37.7006024	35.6912115	16.3522989	29.0367935	1.2219936	15.7229703	1.6030803	27.8387879	14.8384748	22.3200792	0.3131628	4.6627798	7.4065607	4.8682705	
0.9120867	11.2431217	-39.9878155	13.1767043	28.2089295	27.1757838	0.6704735	25.9540517	4.6873216	29.7377345	9.8124661	26.0650104	7.6483495	5.0473509	7.9516615	8.0452568	
0.5121746	23.5272931	-11.2570689	3.9525094	6.2504416	19.9732257	16.1678667	18.1472296	7.1030418	27.4861588	26.999017	20.2675616	4.9621774	8.6282493	4.9398965	5.4142759	
0.443536	32.764539	-32.2973832	34.3200062	5.8845081	24.7185308	3.5465268	23.2135555	4.7312101	28.248399	27.0942937	26.39094	2.2016609	8.6116089	8.8805769	9.1268714	
0.2924776	33.9850708	-36.4535495	33.5253623	17.0367415	25.6337077	3.5171121	24.6886536	6.8848099	28.4646106	27.207029	26.4861494	3.189688	8.5424068	8.6317346	8.756667	
0.0956319	37.6370851	-39.8349205	35.9658968	17.7125942	25.5690162	0.926712	24.8103664	8.8319202	29.376314	28.0014543	28.9576159	1.0864282	9.418983	9.5702917	8.8368849	
0.8134325	35.7897107	-38.1355592	39.0825201	8.9227375	25.0178605	3.4515707	28.0736507	3.8838551	29.0919754	26.1129714	27.6827199	3.4649332	8.6239519	9.3580102	7.986019	
0.9778661	36.9244226	-33.8381311	35.7146011	6.5631382	13.7797208	7.9647718	28.8615388	21.6262735	25.2177076	29.394006	29.6883093	1.7658548	9.7474887	9.9326682	7.103778	
0.2648478	34.3649118	-36.4043077	30.1644193	27.0967556	19.1743486	10.1562773	24.8620403	5.679767	29.667857	28.7878625	25.9578234	4.0932701	9.3694269	9.7586022	5.8375018	
0.6301954	29.9062396	-20.343299	26.7186939	12.2133314	27.6849779	7.1579647	28.3768111	8.0023898	24.2258723	24.8981247	17.5678433	10.7078797	4.468074	8.886146	9.4429352	
0.8808744	29.0168879	-35.6284205	29.954097	8.9505292	25.6695445	3.9565343	25.3553965	4.7297802	29.2924473	25.2922067	22.4298872	5.1941927	6.7996736	9.052034	8.0631969	
0.8865862	-29.9562159	-25.5483919	-14.133328	9.8157591	13.6320821	11.4685064	7.6652621	11.8493255	9.501649	20.611186	7.6938408	7.46102	1.4289398	1.1728426	6.3228224	
0.7013059	24.3659413	-33.708818	32.4761977	15.3493569	28.7942005	3.1272903	21.8626887	1.2182415	28.3664473	26.9048076	26.6023614	2.2897144	8.8058679	8.9514011	8.6932247	
0.5999204	30.2482686	-35.3790888	23.4462135	29.5059439	29.5968754	1.5119298	21.991793	1.5287539	29.792134	29.5165738	24.1281236	0.0956178	9.5731237	9.7410898	9.9150989	
0.2722788	11.8808384	-34.6953538	31.3961806	10.1723664	21.5638403	3.9959459	22.0723289	3.6654604	20.6985379	22.7416743	15.8316402	11.2998863	5.8180432	7.2578122	7.6080171	
0.7747885	29.2267778	-32.5687145	30.2366549	19.3094466	28.3809273	2.2659785	24.3502361	2.5395166	27.9165262	23.064809	25.4513913	1.8090687	8.773718	9.0508193	9.2771879	
0.9819703	32.5733959	-29.7279913	35.0231792	25.3095932	29.1160958	0.0768329	24.6236069	1.1709745	27.8168823	14.0857207	24.2715047	0.235171	8.5693771	8.8260969	9.9157263	
0.5801451	22.9954131	-31.8408565	27.9986845	14.9515888	21.6038296	3.8267222	24.8584772	8.6595877	27.6020531	23.0407868	24.5184384	7.7856927	5.9057308	7.5197027	9.2868175	
0.745195	22.4934837	-33.2514243	30.2959092	5.423269	27.1919202	0.0648939	28.6688355	0.248341	28.0522933	23.7710065	21.612671	1.9446782	9.8963986	9.6760276	9.9278327	
0.2974328	28.9729952	-32.2077767	32.56442	13.8697366	24.7010703	3.7467146	24.0949107	7.9786574	26.7884268	25.7743854	26.8313035	4.3829185	6.6789849	7.7523087	8.4956103	
0.2697902	27.8798995	-27.4410433	16.7659328	13.9501843	21.8891772	3.1680181	25.7331194	6.1006146	21.2924393	25.1319673	21.8030154	9.0104156	7.929231	9.0122945	7.174681	
0.785336	30.4035475	-21.793846	18.0459022	15.1573712	28.346258	10.3705321	27.9004815	3.19276	26.1782573	27.5889574	21.5388427	8.7708343	7.9737762	8.4336091	8.0947127	
0.2865964	26.8872322	-35.6755025	20.6394621	11.8581377	26.6891848	2.8209391	19.7864906	2.9330137	26.5836183	21.5317204	22.0947355	1.7947189	7.1337078	8.372833	9.1002128	
0.2406318	34.4865971	-34.979581	15.4202382	4.2636752	29.4088333	1.5052259	18.7320465	3.677619	28.8559937	11.6748865	21.5734125	7.8839388	3.1543396	9.4986008	8.5835622	
0.4036706	29.8891884	-36.7161256	28.5316175	6.5045334	26.903	3.8644118	24.1415203	4.9997396	28.7890845	21.4393797	25.9154153	3.9805148	6.9382764	9.0719038	8.5304482	
0.3792558	0.3485445	14.3461898	2.9601776	9.6162388	11.0256094	12.3665008	14.4514207	15.9230068	16.5652444	12.0168267	15.1264358	6.0911957	5.3644112	7.4111157	4.5511866	
0.4370937	23.3134617	-32.2174777	33.4553325	10.5128716	26.5961057	5.9053389	24.0183728	5.6754324	27.2783054	26.5300212	25.9446022	3.0468138	8.1612101	8.66236	8.3629902	
0.7361326	37.0815405	-32.876218	38.34215	0.9011954	18.8834509	17.005346	16.7012102	8.790647	29.6510076	29.1729807	29.1803578	14.0798341	9.8748891	9.4453617	9.9009608	
0.5063702	-5.4590916	-33.22582	4.2482578	14.9701037	27.7566823	13.0290982	14.1873018	15.846811	22.9905929	22.3645158	19.0211048	15.9906983	7.1644889	6.0538625	9.2764139	
0.6366579	-6.9209135	-25.9032463	-1.1159837	6.9342242	15.5101132	5.05451	12.2536957	22.1118132	19.7763672	20.7227873	22.0775723	12.8744371	5.654711	6.0355468	5.5413403	
0.4672678	31.1121249	-33.0689273	32.6164368	11.4107893	25.2037348	4.5937018	25.9532772	3.7532607	27.7562519	26.1256901	21.9455533	2.6723095	8.2152254	8.6209926	7.6211604	
0.9809826	11.7651244	-21.2108637	37.8394276	8.7192277	27.4022421	1.5007736	27.945317	5.5588708	27.2443678	24.8350344	28.2314997	2.0239373	7.7448146	8.9805561	9.1297147	
0.3452466	14.0755295	-29.9359164	15.1471161	14.0118752	15.369041	2.5630693	17.955896	3.7222045	27.731171	12.0390992	24.6422121	2.577911	9.6453648	8.5381898	7.7467005	
0.7676789	17.474695	-11.306396	22.3327824	20.8222192	25.9015597	11.7161032	27.7570215	12.1568178	24.681841	26.9832284	18.4019296	4.8569787	7.8453547	4.588122	9.3256877	
0.1875315	22.7108644	-24.4054684	23.829217	26.6688397	20.688327	5.1407492	20.8015338	5.418273	25.7684279	20.9014343	29.3099983	5.1976181	6.5175261	6.8259873	8.667059	
0.6917493	15.7452264	-34.9625092	11.9867826	29.5570453	27.9123661	8.5617313	25.6608107	0.8464702	29.5966337	26.0790797	22.2660085	8.8450067	3.6073105	9.125353	3.7179943	
0.2953454	27.6056259	-34.1924715	27.7501237	14.9442089	25.7303699	2.704087	25.077596	4.8069919	28.4740283	25.7791699	28.3115422	3.8420055	7.4272072	7.9824432	9.0297945	
0.4107543	27.6531181	-26.2398864	25.2237086	26.4993831	26.337533	5.4895059	20.8018793	2.7146672	26.0285632	22.3184117	28.4040716	3.757087	9.2934162	7.5274179	8.8603743	
0.7681701	21.7056012	-34.5527154	35.4016547	9.7930412	27.1814073	4.9431269	26.4948735	6.0821036	28.4021627	25.8374316	26.0810879	3.443489	7.8793144	8.5396653	8.7832322	
0.7937733	18.0262553	-20.9850492	35.2043786	9.735069	23.5974226	6.4425211	23.5174928	13.2730172	29.84377	24.9394796	27.2441526	2.2215527	5.8505329	6.5563922	6.9843439	
0.6705093	-10.2562056	-32.1387316	21.3822849	20.3333761	23.4748563	16.7820675	14.6829289	12.0643291	21.9666904	24.6427997	8.9172113	11.9589108	6.0937474	7.9072148	9.2490196	
0.3692208	36.5679656	-23.929864	34.7676171	13.689019	22.2151371	2.5256232	23.3071692	15.2555668	28.2489526	28.2793059	23.4700311	1.9551595	9.7749129	9.6422279	8.2526043	
0.5343397	30.8354731	-35.5197877	35.9161042	9.4649442	26.7917141	2.7532636	26.028003	5.0509521	27.5551869	27.7221891	24.9540155	3.5825601	5.9560547	8.6624051	8.7505128	
0.3558366	26.9709586	-24.2344032	25.3358582	9.5562123	23.2419963	2.7939058	21.8078394	7.3313544	27.1839544	27.9817834	28.6016827	2.5122484	7.0284478	5.669791	4.4840613	
0.0529239	37.3409886	-34.7899312	35.6844671	0.6597377	25.3936031	0.7218414	21.0674172	9.9588822	25.6859536	25.2383354	26.2576416	8.2256176	5.6000401	8.4665363	8.9615774	
0.4495329	33.525675	-34.7633139	30.8915497	10.1054456	25.4360935	2.6800733	26.8253727	5.4004389	28.3765752	24.908591	25.6225026	2.3211067	8.1258148	8.7884356	8.6777597	
0.2348483	31.4675273	-37.5867912	35.0757409	11.7813757	25.6520189	5.4347526	26.7044979	4.5026048	26.9664723	26.2497569	25.206149	3.0841799	7.9712126	9.3180958	8.6837288	
0.5592442	32.6318649	-30.1067861	34.4504393	8.360638	27.2414627	1.8061075	22.6292907	9.1521803	28.6135615	20.9583151	27.3047317	1.3222308	8.0276508	7.6924814	7.6303407	
0.1735556	29.8521221	-34.3820785	24.4581519	16.7150299	26.571559	4.2323535	24.7744949	2.7836527	28.0888783	26.956362	26.6451788	3.1411401	8.3105712	9.0727083	7.4485858	
0.5420881	32.433409	-35.7759286	25.1305689	8.0837658	16.6253354	2.3604276	23.8930921	5.9903724	20.0871541	19.3186121	20.1974267	8.7270125	7.6273439	6.718503	3.2267175	
0.6743032	35.1921175	-36.0434482	30.7574394	9.1900987	25.8061322	1.7747724	25.1892628	3.1926184	25.2534251	25.0395226	24.2173506	7.6300014	4.8433077	8.3264036	8.3388573	
0.8474815	25.1533757	-31.1047901	24.8658849	22.8658917	22.6304897	5.113666	19.4011633	8.1357679	25.9442608	25.9509856	23.2536231	9.8348816	8.2799905	7.3769379	4.3965048	
0.6060599	20.5839407	-16.0898093	-8.7036215	8.7462036	16.9599464	3.633974	12.5753486	14.9665747	27.0283509	12.0503256	14.7437908	22.5580074	3.1275276	6.1541824	4.6803052	
0.6639218	24.4598478	-33.559132	33.8283393	10.7223404	26.5381429	3.4864883	25.278782	3.7754399	27.3042556	23.3212149	27.4694866	3.9346064	7.6638221	9.2522219	9.0672964	
0.2539672	11.9771767	-34.3026228	35.0662923	5.1444148	26.2427902	4.6443404	26.051486	4.0786297	27.8806047	26.4848033	19.5230845	0.0133562	8.7186835	7.8717993	6.7789812	
0.7326433	15.3890796	-31.872317	28.8946912	6.5136974	27.0366532	4.5808184	26.072341	3.3153607	29.8060987	29.9709713	25.4599831	2.0961937	8.4134529	7.9219727	9.8656043	
0.5260784	28.7718003	-37.052592	29.6375319	19.7825145	27.0439158	3.4123156	25.356697	5.9033188	29.2150481	28.2578552	24.763864	2.1883624	8.1749197	9.4902012	8.4785845	
0.2959984	21.4958247	-33.1336941	30.7045501	13.5776706	25.8057868	3.4435458	23.5216274	4.4059449	28.503872	24.4202338	26.9756572	4.073981	7.052537	7.7552515	8.3672846	
0.4920913	34.9337799	-30.6144146	26.0329081	12.5517396	22.2062595	3.8693821	22.4451477	6.3720545	26.1593343	20.7449572	24.421331	5.1891958	9.2993021	9.0030418	5.9324103	
0.9559212	-0.4336105	-38.0186788	18.5585998	29.9916937	26.5984906	1.1689156	20.6732844	3.5865694	28.5203978	22.5241395	23.1013727	15.8189367	0.9261263	3.4348863	9.7248025	
0.7555552	35.8710418	-39.9449895	38.2495519	2.0845751	8.2135337	17.9030716	29.9785968	1.9719609	17.8016834	29.7207972	22.8388144	5.0560727	9.8522604	8.9685536	9.3792705	
0.7780312	-16.6970498	36.0369001	-12.5016261	27.8165191	6.5179627	17.4904171	10.0087472	25.3280247	28.1777293	24.3416616	8.9236791	26.3874513	2.0141715	6.7566494	7.446672	
0.631866	31.4221835	-37.5731412	36.2975975	2.33368	22.3789647	6.9393093	29.8163454	0.9073937	25.9638564	26.9323828	22.5392003	5.2019096	8.411825	9.9229093	9.3512589	
0.0811276	28.550809	-35.5224522	28.2373025	14.2605151	26.7165552	2.2115264	24.1113804	1.6933001	27.8214377	25.8210163	27.7435767	2.1947156	8.1279556	8.5605293	8.6110988	
0.0811276	28.550809	-35.5224522	28.2373025	14.2605151	26.7165552	2.2115264	24.1113804	1.6933001	27.8214377	25.8210163	27.7435767	2.1947156	8.1279556	8.5605293	8.6110988	
0.0865584	32.7985417	-35.0435946	38.3414564	1.317872	27.297974	4.2634112	21.5697688	3.423727	27.6637196	25.4564593	26.6050359	1.9567232	8.9047308	8.2818558	9.6721551	
0.4566582	24.5690643	-33.3418504	32.0997838	2.9419821	27.997726	5.5978563	23.9361849	5.0863234	24.9307743	29.9791776	24.1933067	3.1517891	6.0773194	8.0092782	9.615249	
0.2233489	14.3840746	-33.1521912	36.0984152	3.7329587	24.2470823	4.6814514	23.6808599	4.0594677	26.1862726	18.033183	26.7834714	5.391051	5.0929645	9.3688539	9.5948251	
0.0190225	36.0155632	-38.8047806	31.7555785	3.8212356	22.6366046	1.1710903	24.2317487	6.4598342	25.7857457	24.4576275	28.6087836	7.2978188	6.9669261	7.4918314	8.5376756	
0.6325334	24.3063791	-11.286005	19.952228	20.2383964	27.1452318	7.3438545	20.3730817	8.0135868	13.9342078	4.9318947	20.2432512	11.755023	2.3040793	4.9020022	4.8875433	
0.1016019	28.5856602	-21.1605122	27.4874604	13.6481289	27.2584383	10.1753981	22.1307592	11.3064682	27.0384617	25.1768	26.778837	7.7168518	3.9145753	9.3869788	9.083173	
0.8394463	29.6009042	-31.9407299	31.8194394	19.1463093	28.5280855	1.6934403	25.0216898	2.2602688	28.1810393	23.9065082	26.63181	1.6501847	8.9530645	8.9953804	9.3264447	
0.539457	27.0592614	-29.1459236	25.5041135	20.84838	25.4003131	4.9232798	22.2875688	3.1523124	26.5203645	23.3684603	27.0432617	2.9551907	8.9407288	8.2273091	8.9105811	
0.9165184	14.5435123	-39.7598809	26.5178836	11.0047098	26.1657865	11.1558295	22.648754	4.725738	25.6003018	21.7533459	27.5347905	9.1570247	8.1102311	7.9452283	8.9591137	
0.8445222	34.9260303	-34.7953001	28.6473143	9.2804565	27.1456357	6.5588779	29.5069611	0.9657812	26.5134587	26.6919583	28.4636572	0.3870594	8.9793333	8.6235828	9.9425914	
0.713596	16.0307717	-3.4613035	8.0314341	7.9391881	12.5377303	6.2018582	22.0440034	3.5952545	26.5128833	16.921389	18.9957561	5.4791295	7.0553791	5.7393301	9.1671397	
0.4067091	24.7901089	-22.4296309	37.5974488	9.8102864	27.8070587	3.3312997	22.905385	2.1321851	26.5024183	26.6808063	22.6171438	4.1071065	8.7913685	8.2143779	8.3692612	
0.5561358	31.7240409	-34.3839468	32.5949792	15.1738416	25.5256204	3.2059279	25.3018292	4.4205201	28.2817751	25.2595788	27.1326505	4.192506	8.0876926	8.8893753	9.4136679	
0.3815384	32.2929475	-26.6176388	34.4372729	9.9697142	28.5506757	1.5408023	19.4479633	1.581027	28.8753368	28.3066563	27.8070475	1.9605158	8.5185662	9.3765043	9.0435608	
0.6253627	33.4705676	-18.4568833	33.1021826	4.457704	27.0745056	1.0652368	12.3381047	12.2745391	23.9173361	29.5486885	26.9853757	4.8151034	8.8860248	9.9840919	6.206851	
0.2602661	24.0698034	-32.5737298	35.0506828	12.5385971	25.8168041	3.9599241	23.566336	6.9147068	25.4060516	25.676496	25.7054181	3.2644297	7.312344	7.7183441	8.1022005	
0.1153079	17.029507	3.7038931	27.8466521	20.1481497	27.9673104	14.6523065	11.2802067	7.3092959	7.1783688	13.7366764	11.4800554	8.4232854	5.3039029	2.5034608	6.6897201	
0.5973981	14.5498265	-24.7488844	23.7211851	8.5202936	24.7838354	4.2425626	20.0383391	5.5928654	22.3103363	23.1928774	24.964064	4.7184891	8.1942762	8.0186854	7.3373661	
0.4237691	23.0287214	-34.2311749	28.4627179	7.5598645	24.9476274	2.1468078	22.5119836	3.659601	25.4379318	24.442637	25.3288218	3.4386663	8.9596162	8.2851836	7.4450782	
0.6164186	22.9625673	-31.5468826	24.2367571	7.7960754	24.1413874	7.2686942	23.3895324	4.8630728	26.2692415	23.9735957	24.8971042	5.3691027	7.2415733	8.488887	7.9417054	
0.6422473	30.4018133	-29.5039848	31.310333	7.7606258	24.9705075	2.373292	25.1754367	4.2505973	27.657569	22.0907666	24.329872	2.9127877	9.2083071	8.3498724	8.4288677	
0.2914564	31.3710303	-36.8367522	33.7756473	9.7889266	28.0070996	1.8895037	24.01544	0.232931	28.1171036	24.9094704	28.9216804	3.8613153	9.3992873	8.8878681	8.0541756	
0.9837472	38.4617611	-38.469591	7.7288108	1.0667846	29.6018722	0.241282	29.1849035	0.8602074	28.427032	29.614819	29.2965675	0.4950616	9.6875874	9.9644237	9.9979841	
0.9520109	31.9433457	-39.3637656	18.298958	9.1202	29.1444707	3.5548416	27.9315245	1.7160735	27.9275556	29.1631566	25.9688355	1.9358123	9.5785458	9.5733143	8.9055246	
0.5391445	29.2302785	-35.8455145	27.388474	12.6314928	27.0027931	3.7635775	25.3462236	3.6771275	27.892237	27.288943	25.433195	3.1432351	7.7091867	8.5307718	8.2305961	
0.124312	35.9413537	-35.9474172	30.522231	5.1592013	29.2024168	6.7068083	26.1995971	4.1457943	27.3951485	26.7553331	28.0415936	0.66782	9.5861231	8.1113555	8.6931826	
0.5697426	32.9979004	-29.7073255	30.0013158	11.9598712	19.4642279	10.0543208	16.1880818	8.2342915	20.4436731	15.5996559	17.6928804	3.6782375	8.2856197	7.480991	5.8411828	
0.4279848	29.8249633	-35.9049686	36.3268094	13.269349	24.3355111	7.7921796	29.4726903	2.2294533	28.2609576	26.5136928	17.8262609	1.3681047	8.0960239	8.4028853	7.185283	
0.020657	37.5711175	-32.6847352	32.6184777	7.9984233	25.1521371	0.4900165	28.6417025	0.0173028	26.2955455	28.3225959	26.1923903	1.3513076	9.2294964	9.4868498	9.7801289	
0.2590109	29.7016006	-39.8373338	35.7464026	15.9544573	24.636618	6.6161155	26.2638587	3.4067341	28.5626412	26.9641127	27.4244702	3.3601961	8.2386524	9.5951532	7.2188256	
0.7425112	34.83638	-31.1559108	36.8592466	10.6661756	25.5787777	6.4828444	20.469847	0.3336035	26.1793272	27.2774272	29.426119	2.6660548	8.931392	9.4623446	5.406949	
0.524275	32.8520729	-37.1835672	38.5810627	8.3040737	27.3570924	6.7071874	26.1760344	2.6579531	26.2450393	24.0718915	25.6692056	2.9567287	8.3403276	9.1269133	5.647082	
0.49897	22.8716311	-32.0559146	34.9640908	9.120522	22.5687929	3.4347981	27.4304209	4.8052862	24.382975	23.5309831	21.8292473	8.2816511	6.8340498	8.5687949	8.2956913	
0.5971318	39.0070715	-33.6171698	32.4390797	1.3949188	24.3549757	5.6953758	24.2434999	0.6673061	26.9390189	26.1206026	26.350758	6.4387196	5.779234	9.8367225	8.8136934	
0.6894541	30.7084599	-32.754541	6.4754339	22.7593405	17.1156741	8.6744949	26.2659281	14.4462672	13.4249996	27.3219243	14.4329315	16.9487626	5.814098	4.7704158	5.4595159	
0.7438632	37.4835972	-32.5677248	31.8480701	29.7491619	24.1252265	3.9569833	26.6574639	2.7290517	27.2157089	26.9990369	25.0559236	5.8512669	9.6884656	9.9859138	9.2253961	
0.0265726	38.6300943	-23.6764835	35.0834313	5.104659	18.0336326	1.401259	24.1428427	8.9417176	27.0136313	25.5408756	24.0883621	0.0189624	9.1608706	8.7895704	9.6590151	
0.7495463	35.6916993	-37.4151859	36.9549119	14.3655131	24.2706008	3.2245603	26.5728843	7.1932832	27.308099	26.1459446	26.8798583	0.6617801	7.1076147	8.9836519	8.073496	
0.479995	23.0427184	-35.4498799	37.1612684	4.2821189	11.1482644	3.0176235	22.0507662	9.3941156	19.881579	16.199418	17.9744329	17.8608626	7.725424	6.4838646	3.645366	
0.0746567	16.2187325	-38.3239731	39.8490828	0.8469412	18.0050625	1.6513176	29.6911718	29.185614	29.8701084	27.0147861	27.9107869	8.6910977	0.817109	9.3385585	9.9949344	
0.1756242	13.8997539	-36.5046692	37.1818817	8.3935954	15.2874158	1.0130158	28.9050371	18.5796334	29.8701084	17.1696484	27.8229656	9.8119742	1.4209723	9.7164013	9.8930081	
0.1642592	39.7127475	-20.8643675	39.1443223	9.8346798	25.1583559	1.9209271	18.984338	13.7737623	27.9252057	5.7148159	22.1642318	2.1053917	9.1043681	2.8277427	8.6227875	
0.8839513	28.782179	-32.5846501	28.5655348	11.7459837	23.1427685	6.33535	22.5487641	7.8235773	24.1870812	19.1344523	26.8870529	4.4113829	8.1390314	8.1567539	5.9730698	
0.047548	37.382495	-36.6064229	38.8709388	5.5293688	25.9507811	5.8116875	26.7396456	2.5644747	28.2421921	28.8748662	12.4671674	1.2795514	9.4491705	7.6990246	2.5407381	
0.6002491	24.7348094	-32.3059752	25.8361297	12.8726251	27.9948666	3.2079237	24.7219162	4.6552733	25.7496989	20.4177133	21.9153665	4.5408345	8.1761599	9.0031119	7.7680802	
0.7405987	28.0428857	-33.1007825	26.3814348	8.9747278	21.9605528	4.7020301	23.4597848	1.4792238	26.01866	29.2414065	28.5659937	3.3625395	9.3458993	8.5716494	8.4764187	
0.4403145	21.8612801	-35.9308882	18.8301508	10.9371092	23.7583097	6.8687757	24.0278208	5.7859705	27.1464691	23.4550759	22.3074957	7.4451505	8.6235534	7.9005129	8.0187576	
0.450183	27.4557833	-33.4909583	26.7538433	10.1333952	19.1705372	3.1962336	25.0837915	2.6763074	26.9194732	19.476589	24.5570456	3.8398786	8.4889968	8.0526811	7.992159	
0.4068253	18.6665902	-29.3269847	13.2912979	16.1177405	18.8748829	6.5907334	23.4163043	8.2515072	20.4129281	19.6293453	16.2501084	4.8345316	9.5889406	8.6277873	6.9108014	
0.259682	28.0252163	-34.2432459	29.602047	9.8403876	24.9676778	4.3382086	24.9238296	7.8251548	27.4929515	21.2313915	16.4965255	5.2603066	6.3199677	7.9658167	7.6115204	
0.5565097	14.3551738	-30.7276953	23.6586722	16.5979113	29.6129889	2.2282243	20.5242947	5.9631219	26.7901092	26.558039	17.3233931	0.6181279	9.1190868	7.9538943	9.7288781	
0.3192893	17.538595	-33.3451936	32.0292983	7.1367178	26.4171079	3.7964572	23.9406856	5.1044242	26.5589145	22.6257398	24.391003	3.6429003	6.9358203	8.2929253	9.615609	
0.4269772	25.2802234	-30.0902274	30.5534641	12.4739345	26.7558429	2.558277	20.8580732	2.8692406	28.5911818	26.3074878	23.0250127	4.9737383	8.929304	8.0173442	7.3663544	
0.5377165	17.230332	-31.5064007	17.6253986	12.7383102	17.3632314	6.5979219	21.6356765	6.4778665	25.5879856	22.9935623	23.9836204	1.8909344	8.5809453	9.4912196	9.8473609	
0.9642059	32.4800922	-37.0255519	29.1697908	13.2393369	20.8817355	5.8110624	26.8148411	18.2643442	28.9316723	25.9691585	26.7587	1.8969394	9.2405996	9.368925	9.9931272	
0.8404406	37.0284763	-34.4223303	38.4676823	22.4446618	27.1031743	0.3437877	28.5535953	4.6346505	29.2213964	23.7201934	28.984153	0.0881515	8.3346546	9.6467686	9.8998752	
0.6118693	30.8274804	-35.9810856	32.9493096	6.0995999	25.4366601	3.0393738	26.407739	9.3952866	28.7196669	16.3713223	25.5955829	2.9585127	7.6172016	9.529526	8.5662338	
0.4624103	26.3759254	-34.1778457	28.4091371	12.0363995	24.886623	5.2188624	23.9583199	5.0171587	27.3993148	25.0501375	25.6414506	5.4804007	8.1441028	8.0876507	8.8957822	
0.7784715	27.2360504	-33.3308444	33.0756988	10.2104883	24.005246	3.7344489	25.6580815	5.0791708	27.2829235	21.9573844	25.7858974	3.4806175	7.8005226	9.189013	9.4335877	
0.7488132	10.4431123	-37.2067125	35.4718641	15.8282833	29.3142059	3.1443265	27.2989136	0.7793777	29.4592169	29.3112165	26.6966613	3.1329284	9.624177	9.5517014	8.3164627	
0.9884333	-35.7992018	35.4015838	-32.4573773	24.0130755	10.3296954	25.6157967	28.0514389	20.1898959	22.5597454	1.7012292	10.7247682	2.0638041	3.6079776	3.4998157	8.6662811	
0.3694037	27.0258117	-36.5352489	28.350555	4.1355232	22.5751457	2.9731107	19.6155852	5.7108923	28.4605326	27.6880516	24.331916	4.195787	7.8248752	7.4515989	6.347714	
0.3409134	30.9703103	-31.5725079	32.5113763	9.5897698	25.6503852	1.5709287	23.0310296	3.0193972	28.4745278	25.4118975	24.8106052	3.3906676	8.3408247	8.7534624	8.4472176	
0.0178202	12.7883573	-27.182263	-8.4172618	19.77529	14.4489517	3.5874144	3.9194692	16.3632142	27.9410526	11.9030725	23.938257	8.2220888	1.1281212	4.8872346	8.3493137	
0.2326683	9.9423438	-30.7839083	34.1200512	3.8992014	25.5848879	6.1176603	20.0770649	4.820993	26.1019777	16.1837229	27.4345823	6.6987488	6.3423908	9.6795307	9.302551	
0.8477364	31.6259795	-35.0616605	35.3629867	9.4058382	25.2281004	2.431988	25.7647337	6.0524395	28.3641045	29.5288108	28.8858458	2.9368828	8.8260079	9.6439608	4.9070172	
0.4456136	35.8661348	-37.3386842	33.4154703	12.2957431	27.4465157	3.8666315	22.6570417	4.0138906	27.3951379	24.390961	26.0599664	5.7765933	7.0917876	8.4541343	7.8726119	
0.6707301	-4.3276574	-19.9753749	-11.5827902	24.511245	21.6591028	12.7519609	4.733991	7.1133602	23.8640368	28.639694	26.5987743	3.7635173	9.0070855	1.0514417	7.4480866	
0.3484823	23.9775714	-37.310306	27.2707193	16.877853	24.996262	7.6517927	23.8388768	2.1826873	25.8568942	28.3158181	21.3529576	2.6506261	6.995154	9.652079	5.5860188	
0.4333263	22.4019151	-36.3751674	32.0430724	19.439435	29.0900059	5.3976104	24.283737	8.9535599	28.5760386	24.6622415	24.0041746	1.4006313	7.4172295	9.0594556	7.0456471	
0.6513391	31.4362731	-30.4789796	34.7893902	7.8940417	26.1477903	5.3062116	26.0934928	6.9629462	29.1939257	23.5242031	27.7169014	4.4213418	8.2766865	9.6000931	7.984944	
0.1234867	10.6587873	-32.9884089	27.005638	20.355171	26.914022	3.9386541	21.1402139	2.3091151	29.8613129	25.5657029	29.5456365	6.8363581	4.8154506	6.544084	9.1143545	
0.4601662	31.3480116	-35.6622518	30.9176111	18.8450384	25.015522	5.8515298	24.5069978	4.7404123	29.0034925	27.299372	25.2796101	3.2229722	8.4686492	9.3021775	7.5820084	
0.1810149	14.5038751	-28.5978481	36.985326	6.5186278	22.2802463	4.0363085	22.119195	6.9135535	24.1338969	25.8750131	25.2158569	2.4475751	5.664303	7.7116893	9.035353	
0.0326352	13.6888732	-28.1693258	35.5657645	20.7101545	24.266937	6.2047624	27.6639453	3.0079064	23.5954915	27.6370862	27.2564567	0.2065786	8.3956357	8.3492183	7.3705401	
0.8664701	37.3181729	-38.4637272	22.9219451	1.9364412	28.2524562	2.8296886	24.3600728	4.4479019	29.8501186	25.8255632	17.9535108	1.105086	9.7439075	8.8266157	8.8165773	
0.8747677	36.8588904	-38.522331	23.7754099	2.7191065	28.1956989	2.783395	24.5167118	4.4291962	29.745097	25.858196	18.7139516	1.2996056	9.7439075	8.7871654	8.759091	
0.6385259	23.1248655	-2.047994	3.8262006	7.083168	17.6920956	14.5639105	21.382103	14.9856723	14.9968042	19.3704466	16.0774933	13.4259884	4.9114704	6.7602165	5.0570358	
0.5620933	25.5048556	-33.6229741	27.9993306	12.8231943	24.5495244	6.0240492	24.2243975	5.991473	25.3169741	23.848646	25.1733223	5.1738419	6.1828995	8.904265	7.7637872	
0.370066	25.7768029	-33.2473423	27.797115	7.4879295	29.3869431	10.1439458	25.2054244	2.6661444	25.0326211	23.8257319	28.1414955	1.6037258	9.3451593	8.1046416	4.1526066	
0.4690341	28.2350546	-31.809555	29.8931077	12.2795011	24.1715703	5.0635439	23.6996746	5.1340129	25.276209	26.0016401	26.1450843	3.9839713	7.7403161	8.2126935	6.9554606	
0.6076323	25.2262072	-32.3534929	36.9381534	7.437762	23.5448495	4.3938017	23.1981323	7.7124102	28.5703448	18.9253451	24.4364822	2.5506959	6.6748094	6.4711062	7.24301	
0.9337055	16.3824816	-18.8080054	26.6245582	13.9440663	21.2902844	6.0910635	28.8289579	3.8338583	26.6222892	23.200345	27.353625	9.8384741	7.4349384	9.4479566	6.4960372	
0.8870078	3.4798376	-20.0792355	-12.7002456	18.5247365	9.6299473	25.2920552	7.9215368	25.201269	25.2965515	29.5688473	20.3313823	11.1723559	7.4458119	8.9825981	1.9194187	
0.0944385	17.8085515	-34.4029088	32.3567996	10.8218297	26.0838961	1.9442296	21.269573	6.6025605	27.002048	27.2100357	25.9986808	0.6069068	6.9129112	6.4803109	8.4845074	
0.399896	27.9447646	-34.990423	30.5619873	11.3914038	25.6224625	3.9052748	24.6189545	4.0814179	26.918319	27.8005031	26.0175012	3.6877368	6.5043677	8.9874589	8.0055815	
0.5512961	35.7263296	-34.9066776	35.4210083	15.9555838	26.4413916	5.1008707	29.5508517	4.1651633	27.3441042	26.1647407	26.4512487	3.4429661	5.9391875	7.5980494	8.9318382	
0.7853024	-2.723453	-25.866877	22.4480916	13.4473966	25.7511249	6.0819114	28.1093162	2.9495119	26.9447908	23.523853	28.9527665	6.0770168	8.6948497	6.9515918	7.773532	
0.4838776	26.209755	-25.7065858	17.7511954	9.3089173	27.4636298	10.10235	22.0935487	6.9703635	25.641646	25.7167468	24.5189983	7.7307739	9.3578271	7.7706741	5.5219187	
0.4457263	32.7621735	30.5846919	-21.2641188	13.7514418	14.6145361	4.8363713	24.0254595	8.148328	26.8799916	22.1533069	8.2475698	22.4081951	2.8939344	4.9025449	6.9891906	
0.9989778	31.5143908	-33.765961	33.4806237	14.1769285	26.6329719	5.3484879	25.0111786	5.7997967	28.1858554	25.1067227	29.59659	3.3170448	8.5299119	9.7641103	9.0947724	
0.6117079	34.3512768	-34.2907101	34.7232287	16.6764286	28.2681003	3.0616606	27.7352729	4.8292525	29.1827092	27.4344768	26.6780778	2.2853947	9.0041513	9.6506794	8.8257318	
0.7270087	37.3574315	-34.1975377	33.8006344	11.5642574	27.6392036	4.7596163	26.6391623	5.9139836	29.5000218	26.0060339	24.245257	1.8540282	9.3430071	9.7053348	7.7237292	
0.5979031	18.3678895	-23.9731155	24.6881226	7.1246347	17.1531183	11.2973741	24.9626233	9.2922176	24.4295255	23.0206788	23.5100726	5.6424496	8.4074536	8.6275485	5.3401018	
0.0945934	-3.0591326	-2.0053138	7.1078048	19.1356386	21.7198806	0.4505155	1.9849039	24.8415264	29.6842625	0.992383	25.1691079	5.2299	9.3472983	9.2316869	0.6840792	
0.2876845	30.2493523	-35.6125789	32.090714	9.0816821	28.4977728	2.9005745	28.2010921	3.5924458	26.063369	27.5220066	21.8038676	4.3057279	9.1031198	8.8104002	8.4390192	
0.2860795	30.2300744	-33.3570234	30.3723356	5.3197946	23.4202276	2.4720273	25.8476217	1.578124	27.9218981	22.3679133	26.5181765	5.7076914	6.8721845	8.6956485	8.3927325	
0.9557151	33.1309686	-37.2309731	27.1378021	21.848424	23.6581095	6.8035107	26.5908717	5.9215861	28.7388024	27.6368629	27.1117486	6.8670646	9.217994	9.3524229	9.7813975	
0.6532412	27.6405098	-33.2926578	35.3161805	19.3902334	21.411182	2.4970968	23.6545885	5.6016719	29.0073837	27.4704372	21.4181147	7.4266202	6.1522315	6.5691339	9.8481593	
0.8716894	15.7136749	-36.800263	30.1259579	12.6451488	27.2730582	3.1718887	22.8192105	0.4806395	26.4406855	26.3404161	21.0012025	2.0220817	9.8184562	8.6227101	9.0142954	
0.1810422	22.7829868	-24.6567604	32.1359172	7.599	26.0247599	11.0255728	20.2687698	8.3608689	23.3283263	28.3476689	23.7131148	5.3933673	8.5297945	9.0941253	7.6747957	
0.0603035	34.1505771	-39.5049538	37.6773225	4.1084428	29.0832119	8.0697637	24.9716819	3.8355635	29.323355	27.9356796	29.4165407	0.0751212	8.9683362	9.4761718	9.0566807	
0.066063	38.1655835	-39.2765066	37.2454559	4.5853259	28.9937649	7.8497587	27.2060647	6.1289599	29.2305784	27.8556345	29.2351505	0.2376516	8.9651325	9.5889271	9.0492604	
0.1116362	17.6710596	-27.6364625	28.3115092	8.6308561	27.0763369	5.9643076	26.7009407	4.7949054	25.6373933	24.7506624	24.701732	4.6165859	3.8226252	8.2216972	8.3903746	
0.4332875	32.8143968	-34.859879	34.0411912	7.4282499	27.7660051	3.5403908	27.67223	3.7765914	26.2788343	25.872311	20.96287	2.3392257	8.1427312	8.9561915	9.1205925	
0.510453	17.5807559	-30.1260909	6.8322173	14.2220412	5.5208955	23.4636146	10.6277442	7.8185327	10.860669	19.019367	20.1996786	4.3726727	2.6529621	8.87605	7.9218797	
0.2365569	24.6868507	-26.8099701	8.547203	29.9872561	29.5621928	2.3229269	13.263194	1.0197026	24.2293851	15.120425	21.7263177	5.3041629	9.814979	9.1252058	9.1208124	
0.1981502	27.0796966	-35.4197866	29.5672918	10.7630713	28.8881395	2.7584325	29.1109232	3.444003	25.1395231	27.2103498	20.9506535	5.6067482	9.1752717	8.4079699	7.9627796	
0.6452797	18.5367662	-35.0720428	38.9573082	18.0204206	23.2420571	0.7154698	23.582954	19.4772514	29.4154899	14.1440759	24.4318823	11.5216422	0.5165101	7.3200956	7.8981021	
0.9035449	7.3636947	-36.869299	36.3358924	9.3866211	29.2936021	0.0783115	27.0593977	19.4638099	29.3736172	2.0481411	29.1852202	12.3350802	5.3915204	9.9684534	9.3046123	
0.9668319	33.0501567	-35.9029323	26.268147	11.3394288	28.732306	3.0636431	21.7656776	3.7719243	27.2281177	17.98295	24.5112494	1.3026019	7.9921523	9.7512644	9.8833052	
0.4289567	29.6738635	-34.5802264	36.1611361	5.9461085	22.6418217	4.0488616	25.4491195	6.2167243	28.2230794	23.8481108	24.6369548	5.1604991	8.0677925	7.213764	8.5071753	
0.1726051	25.700986	-30.2947724	29.1313483	23.5301507	24.815978	4.621423	25.3326292	0.5192718	29.3412246	20.622948	18.4575145	0.5484228	5.2981043	7.106701	6.9335924	
0.6391301	36.4585595	-37.5554205	39.3578797	8.4346321	27.7890503	2.9179818	25.8913919	3.484762	28.810807	25.6056693	26.9532787	2.9046445	6.7374649	9.2586981	7.2127887	
0.9904925	37.5681628	-32.4398019	36.825763	26.4527707	29.9982798	0.4551338	28.9891339	2.8523815	27.1450798	28.8059532	29.9853567	1.247749	8.9709466	9.5746265	7.9149109	
0.9891273	38.7995743	-38.2699682	-23.1419811	28.9319533	29.9201502	2.9203122	28.1267272	1.0982681	29.979681	14.8618942	28.5806761	0.3857238	9.4829109	9.7821986	8.9207721	
0.5564205	30.2653642	-36.1243407	32.9909959	3.1718736	25.4521873	3.1355056	26.3144573	10.6672634	28.6290892	14.2656959	25.0405488	2.5487679	7.4848071	9.5157153	8.2806692	
0.7256082	15.5616134	-33.0680358	10.5213359	10.6444767	20.1683103	4.7434386	25.7947766	2.577461	21.348916	21.8767571	24.8002341	4.5108043	6.2576264	7.9476565	9.5335731	
0.7422413	22.0362498	-38.3183152	29.9887308	14.4441613	22.85118	2.5097422	26.9528776	1.6075606	28.6400298	27.7363417	28.2390978	5.1871032	7.5222572	7.9054206	6.2948655	
0.4598632	2.1092121	-25.1236341	37.7651611	24.1095552	17.4855124	11.3364176	18.3848827	17.0840834	14.3887296	18.846032	18.0264517	17.708205	5.9398128	5.8329225	3.9817978	
0.4896394	27.236782	-26.436035	29.5485798	12.1478864	28.188266	4.087603	22.7528393	5.1276049	26.3507475	21.3229656	25.082136	3.3528843	7.382556	8.9239616	7.1517608	
0.1318683	36.1599365	-15.662767	36.6373197	16.4885879	28.5923432	1.966752	26.9238551	2.874784	27.0660529	28.6684371	28.9163853	0.8224327	9.6027522	9.5305638	9.7666258	
0.5900996	37.0765863	-36.4064821	36.5204173	25.6379661	27.6427522	1.6719344	23.9752886	3.9148123	29.2811035	28.8644835	27.1539596	3.24525	9.153987	9.2760306	7.5047977	
0.6925603	31.6776825	-34.0893567	31.1462089	14.8329175	23.9951991	2.6496982	24.8308787	4.6374134	28.4474897	26.2167184	27.3230848	3.4442325	5.536692	8.0561841	8.4409903	
0.9815469	31.4106294	-39.2283052	34.208047	11.8406492	27.6690213	2.2067243	26.6652027	3.8913715	28.9719439	26.5088096	28.4049985	3.5360926	5.0849982	8.3522588	8.0941419	
0.7707805	32.7813087	-34.3623898	31.5268233	18.5708229	22.8488419	2.7199236	25.5380564	4.6952481	29.317143	27.8939445	28.4407268	2.9500808	5.2762489	7.9562948	9.1487619	
0.6687794	30.3158928	-32.7815385	26.5473337	13.8832146	24.8274946	7.7057007	24.3573283	5.7730939	26.9529897	25.9476153	25.9994851	4.0873842	7.1043463	8.2705169	5.6796992	
0.7571515	25.4975782	-27.1128189	15.8743729	3.0442951	27.6952507	9.7526999	22.4256494	5.7304175	25.4322658	25.8709989	24.3379592	4.2568793	4.8956643	7.0392456	3.9516129	
0.4541871	27.9929575	-34.4062344	39.4285419	21.1201478	25.3961569	4.2074867	21.3652034	1.5342688	27.6451584	27.5968865	27.6777673	2.9137118	9.011236	8.7338908	8.462082	
0.1769086	33.1374411	-37.4927833	32.8340167	13.6874289	27.2899683	4.9484908	28.1023139	12.6429743	28.1355552	27.4734342	27.6362656	2.0949988	9.2905995	8.6262492	7.9027481	
0.2497023	27.3248973	-38.6110255	29.6994735	26.1529273	29.1470049	3.8575051	18.9566289	4.4467589	28.6695212	25.3142069	18.4584786	1.9500346	9.7672634	9.704046	7.8680176	
0.1164593	-28.5662383	-29.9902752	-25.6734162	12.6106678	15.2793491	19.0796061	28.6879358	1.1555443	9.0843661	26.7891197	4.909719	25.7689702	3.7580055	8.4571405	9.5285063	
0.2436852	24.8159926	-35.7607083	29.0964483	18.330384	26.9194655	6.1669489	23.3163236	2.8144901	27.5173891	26.6543644	25.4479961	4.1816772	6.654351	7.4649698	7.1400093	
0.9152918	39.6029754	-36.5009226	18.0031822	0.6966829	19.9278098	0.2039504	24.1702677	5.3875761	28.8362626	17.0121579	26.1875373	0.8975404	4.1674291	9.951955	9.032672	
0.3239405	11.1782699	-25.6818922	32.8949037	10.3174934	26.6833204	10.3504439	13.7068198	1.3170352	15.0539527	15.5393384	12.3890208	2.2996214	6.4358279	3.8862224	6.2420968	
0.6520718	27.0404714	-37.4812841	36.3883614	14.5438152	25.2024892	2.8136522	24.2727735	4.9908415	29.1256688	23.3431841	29.6686442	2.7865043	8.9349257	9.646408	5.573181	
0.7460677	32.5861332	-38.1206259	39.5756267	5.6313342	22.0981855	3.0823738	27.6045691	2.4781753	26.5016942	26.9099036	29.5371008	1.5114911	9.7900147	9.5979936	6.9797637	
0.995549	22.321205	-13.0179721	39.3805663	0.7692481	27.5455493	0.7542912	20.0915386	10.3691659	25.8813299	23.43829	24.5522922	5.763727	9.5837713	9.7934764	8.1784385	
0.7589473	32.8470798	-34.2104094	39.0336155	2.1725371	20.4981007	1.5419624	26.9149586	7.9719617	27.5078076	26.3962398	29.8632028	1.8534498	8.863738	9.3604121	8.6252973	
0.3197954	28.0728995	-36.3278021	34.5103228	10.9048561	24.4827682	4.4996248	23.5179866	9.410637	25.9536332	21.7863799	26.6830306	3.0420396	8.43101	9.2424374	3.2089478	
0.6403183	25.0066955	-39.367374	19.5606424	2.8764023	15.0531734	4.4104429	21.8167514	2.1054423	21.9889048	23.8002203	24.6743517	3.3938906	7.9012135	8.0839135	7.773119	
0.1168772	35.2444159	-27.4726616	33.8535765	2.5449074	24.321418	4.4729949	23.7330883	15.3773414	25.0129011	26.0210168	20.2597792	7.5663372	6.2807986	8.556444	8.5529345	
0.1332395	30.5623567	-25.9393338	36.8619609	11.3225282	24.0825223	2.4159982	26.4370924	21.4429196	29.8889308	25.1462014	27.1258273	9.2871444	6.0412626	7.6654482	7.5757956	
0.2962842	-10.9996175	2.2994393	12.4893412	7.0243411	20.1303705	15.5782838	21.2196021	17.3823622	8.3305051	14.9852135	6.6495902	8.1935271	7.2661827	4.5626924	8.3856805	
0.3294258	-19.0668617	5.5637316	-22.3612454	2.5859109	18.6816656	9.7536181	10.1563203	5.5448753	28.4791891	23.3395531	5.1948788	18.8665843	3.6520844	2.363418	7.5763414	
0.90801	32.3802624	-31.3869307	32.0868407	12.7477814	25.629089	7.904583	22.3593181	11.7968587	28.3736016	27.4824438	26.216885	2.167039	8.9909959	8.8454732	8.5760301	
0.7038782	36.4433371	-37.6694247	39.2159639	2.8140435	23.6194323	2.725502	29.2748864	5.3307052	27.7868577	27.6520089	27.0451041	8.2784103	8.7621893	8.0754913	9.595455	
0.9368246	36.8957839	-22.467304	36.2913307	4.5725319	24.1844536	3.299	25.6209664	15.2781519	25.9788833	26.522485	26.5118292	0.6084364	9.370828	9.0109516	8.2308682	
0.3253149	34.3888272	-31.4169955	33.8415059	6.5361378	22.23224	1.0810115	23.7042979	4.6902856	27.1301382	24.7229468	24.2000498	4.6319972	8.8572493	8.4273652	8.0419778	
0.237144	30.716238	-37.6521238	30.0056635	4.5432464	24.8083605	1.9019753	21.6030526	11.8704758	28.416571	23.1880629	26.0898763	6.8402706	8.7774005	8.9101577	8.2525901	
0.7088821	18.7531114	-33.9934154	30.6036247	10.4430536	20.2542881	7.1750919	22.2322233	7.3112738	26.1676632	26.4543668	20.462933	6.2322236	8.2716278	8.8291364	9.1691543	
0.9285842	12.6645942	8.4914528	37.0755437	21.6246832	26.5521044	2.2311094	27.8454833	14.5561004	21.3325949	3.379454	16.2504154	13.8006607	9.4030355	6.2390986	2.1886264	
0.2984593	20.1766375	-30.406647	19.4666397	14.1987103	24.7109858	12.3634087	20.0884205	3.0351833	25.6411024	18.0539888	23.1588727	6.4777209	9.2171119	6.6696717	9.1432593	
0.245334	22.2360857	-32.1658195	23.803097	19.4288739	26.2096197	1.0018444	23.4694618	3.2742423	26.3427977	25.3641371	23.5891656	5.2966029	8.8654153	8.9157272	8.8182936	
0.2011159	28.2814017	-32.3146671	28.4021158	15.0641668	24.7064354	4.3035559	23.7005325	5.5834943	27.6508929	24.0153134	27.6843067	4.5886649	7.4886182	7.7522129	8.9363141	
0.2349098	24.737107	-37.7882786	24.6505138	15.3852175	27.4301106	0.879737	26.2830534	3.4048229	29.5430525	26.9840255	29.7614281	4.2849333	6.5751804	7.6171206	9.0462174	
0.8953	8.0673036	-39.1191823	39.8990339	2.4712837	24.1313341	1.4876666	25.4457549	0.6747059	27.9096194	22.5920821	22.9092028	2.4942331	5.4515485	9.0033839	6.6066461	
0.9790454	13.0933806	-36.170687	39.9827793	2.5550291	23.7563295	2.3079978	22.9478357	3.523039	28.0855341	21.2789452	23.0621579	3.9041224	5.4786723	8.2632736	7.2440398	
0.0505185	38.0619992	-28.1743715	39.4069092	1.2835423	29.1205455	14.7880503	28.3180878	5.4632409	14.5696477	21.1747278	24.1110544	0.2884341	9.3723848	9.938349	9.2519652	
0.0478141	32.2162247	-37.3950857	30.6157902	8.8083355	25.1305506	9.5473501	28.2351589	2.6772174	22.7533149	28.3234274	21.1307076	2.059448	8.4800661	7.958415	9.7402516	
0.5980575	7.6441217	-33.8130131	11.9523957	18.9664787	23.3134102	15.8149532	16.3598821	12.4799365	26.9552534	14.1018337	25.4597147	1.6767298	4.6993701	7.4480877	5.6586116	
0.3779173	30.7464795	-32.9505411	33.9638045	6.8249857	24.9566961	3.3341749	23.2617863	4.6790532	27.7763604	26.4608352	26.2016852	2.2573107	8.270703	8.5330988	8.8321638	
0.1818009	19.0886046	-31.7034145	37.730385	4.018738	23.737344	1.9370659	20.2005434	3.7076703	24.5735196	25.6960658	26.2742845	0.9782256	5.2898991	4.2463823	7.0501954	
0.6735827	23.7250263	-38.6903665	24.638847	20.0673322	22.0035529	7.389649	27.4735499	2.5542373	28.9160615	28.0979108	26.3277795	7.4076235	8.8585026	9.0943732	9.5430027	
0.6664677	38.9867859	-38.1614946	21.884888	8.4818164	21.8005697	5.3869248	25.7699483	2.7881218	29.1134546	13.0244085	27.7292167	3.2872545	8.4737164	8.6170592	5.4674659	
0.9261274	32.5721453	-34.1457665	35.4631938	16.7211487	29.9839351	1.4392137	29.923752	4.0241827	29.9848187	29.8503046	28.6895623	0.0352555	9.2531468	9.7683154	9.9478719	
0.128147	39.1973161	-33.4962471	27.1132237	0.583959	23.3508373	0.9141696	29.9880191	1.368502	27.8248305	8.4719725	27.1209957	0.8604257	0.7801497	9.9082802	9.9148763	
0.7842736	36.1162464	-38.4620175	37.4963428	15.4175649	26.6593293	2.0471378	26.5199221	1.5702012	28.6695784	27.8293166	28.5039835	0.7137536	7.7985995	9.211263	8.1269601	
0.6774446	36.2016806	-38.8945215	38.634339	0.3973677	29.8201887	6.9819051	24.1652681	8.6511833	27.5036051	28.7476012	26.6947271	2.9476	5.6537662	9.2330993	7.7103812	
0.6822363	27.1889115	-35.9221841	30.649865	7.7969048	26.0391686	5.1250179	24.9079018	4.2647842	28.6453148	24.8006097	24.4951563	4.2719594	6.6045694	8.5939537	6.9068477	
0.0989527	35.0003152	-30.947768	30.805821	2.684951	23.8576155	8.0069377	28.5492717	7.0571007	27.0838904	26.6454693	22.3772356	6.6334437	8.1684642	8.5575565	8.4951487	
0.0433188	37.4618005	-30.7661173	31.9486115	1.5352089	24.0150163	7.4010218	29.3649521	6.528013	27.772671	26.8467239	22.8741364	6.5189488	8.2662714	8.8166817	8.7427499	
0.2904076	23.4604972	-27.5885526	25.6684653	3.2842343	21.8663412	10.2302256	18.2697964	2.083905	23.0493936	26.0925414	27.5941341	4.0456232	9.3210767	7.9312764	9.683928	
0.0837193	24.0135472	-29.3906333	38.0942977	3.2137753	23.492754	5.3935512	23.8489705	1.5763188	24.3116118	25.9390927	27.2608679	2.8344282	9.9568635	8.0106896	9.7924179	
0.1968506	22.767081	-22.8030901	36.9343068	6.0013081	22.5366763	2.1197104	28.522217	5.1923622	28.9965335	15.6807992	27.3851901	5.8690031	7.6050574	9.4701782	9.4034602	
0.2354493	13.639164	-22.5602396	21.3854793	14.5485826	16.6205654	12.2649487	26.6642431	8.0878791	21.4171871	21.2882736	20.1719305	8.241554	4.796469	7.1557516	8.9620882	
0.5134116	21.4622257	-33.4706847	33.0512598	16.1056091	24.4590497	3.9280999	22.9789951	6.3893136	25.6982417	22.4734928	22.8411016	6.3883547	6.0799701	8.4962667	8.121161	
0.7167182	36.1131685	-39.7103486	38.9780399	27.4578049	29.7738832	2.1732925	22.1474506	14.9919512	25.9278435	19.89699	29.680576	0.4848314	2.6550168	9.944692	7.5964914	
0.5151935	32.4255532	-27.6709665	31.1223012	3.9720776	19.6128933	2.7891652	24.7907163	4.8295061	28.1998927	26.3326922	26.3219501	4.1101905	5.247385	8.7530873	9.5483777	
0.5369536	28.7943696	-28.8312491	30.9367321	10.1090229	24.5803452	4.4416534	23.1455965	5.3690719	27.1589269	26.0985551	25.426619	4.3207692	7.266504	8.9897533	8.3658097	
0.0600857	28.1483872	-37.113489	22.4722358	10.8505199	27.8861223	11.4203768	25.9764589	0.291726	26.8654334	26.8509187	29.2907322	0.353199	8.9053367	9.1815285	7.493905	
0.457166	21.5828797	-36.4769433	25.0857038	9.7606634	26.9267309	8.7883585	25.2386301	3.1626585	27.4943211	26.9344519	29.4545853	0.2866448	8.4830156	8.5258596	7.6074024	
0.3298094	29.750549	-34.8087055	28.599969	7.7626582	25.7708683	2.8581638	26.6432656	2.5722088	27.1822289	25.0185295	24.4995352	4.3081333	7.9045802	8.699812	8.2941973	
0.1508936	14.3431918	-30.8483804	17.547084	17.7561225	28.0846655	7.1669195	28.9752679	3.4891038	26.2708074	24.5955006	26.6675822	5.2507463	6.4637754	9.226202	8.8076437	
0.6127147	10.5888487	-38.2545844	34.5135161	18.9083267	13.2057733	0.0699408	20.8613008	9.9501729	28.4118701	28.2482685	29.694494	5.3823277	2.9652782	9.7884393	7.1235485	
0.8765537	30.9845974	-30.3821594	31.1587082	9.660071	28.8525242	2.789132	28.2617802	3.4532863	27.4243314	27.3988691	26.4538692	3.3773761	8.1087434	9.4417151	8.8033298	
0.8919338	25.9203213	-27.891299	26.8777349	14.8547811	29.9001664	1.0195446	29.4071177	3.6276997	27.5389968	25.4885179	27.4557738	4.583086	7.1743824	9.7339135	9.2594311	
0.936291	6.0832132	-23.9602194	33.7178451	3.0927822	12.1847167	12.0464723	17.2213023	20.4851666	25.8002498	23.5045756	25.2708988	5.6793478	8.6575355	7.9713116	7.9618035	
0.6064787	23.4400114	-28.0253168	34.7401757	16.1570136	23.3594529	6.2201722	21.418513	6.8796154	26.9603872	25.0856347	26.7239934	4.5391239	8.9205381	8.4576927	8.3704381	
0.2739861	30.9300548	-28.8572895	34.6370735	2.6691521	18.7755267	3.7113119	20.7946384	8.1275567	26.3174581	4.5099519	18.1482801	2.9159972	4.9622112	8.0253903	9.9893961	
0.1868751	10.3698485	-22.7871689	33.8124773	6.6783207	20.5429081	7.5218592	24.0700925	14.9388531	21.2182184	22.5518623	25.6002442	5.5570901	8.3996598	5.1241805	7.0484649	
0.3471814	37.4564663	-37.516524	30.5172661	6.6632581	27.6723382	3.9221015	27.4079169	5.7930371	27.6220321	27.259531	25.3849997	1.434857	9.188696	8.6909942	9.1729811	
0.336148	36.0116463	-39.472183	37.5103594	24.554141	28.704998	4.4551894	28.6018313	3.7689707	29.2313422	27.3314427	24.9081504	0.1100913	9.3338003	9.4977497	8.1980729	
0.7207675	10.3828702	-30.8543422	27.4672302	6.9524482	19.4253655	4.2004001	23.7441224	7.1594749	25.1793088	21.630814	26.4016588	4.1807099	8.2421985	7.9121567	9.5471187	
0.3254939	17.4164351	-31.5527904	1.4669168	11.5941648	14.6974229	9.0031506	21.4430728	7.9042546	23.4424524	23.7879474	17.7349767	15.2013756	7.0118383	9.1149072	7.3379464	
0.8389089	28.300486	-30.9931726	33.7798888	11.9291613	24.9958737	4.1963438	27.0142005	6.2418204	28.4116524	23.8927228	26.1393977	5.1004977	7.8276748	9.1925651	8.4740179	
0.6811527	0.3592576	0.5818988	38.180517	5.1085033	5.5902919	9.5901577	29.8879606	15.0322287	26.0866376	10.4024322	25.8888048	23.5924479	8.9561522	7.6168428	4.9842159	
0.6699631	39.3943314	-38.8032089	36.1753742	6.6594344	27.9666584	1.036549	24.0561981	2.9168554	29.2236387	28.2775502	29.7718439	1.9708056	6.7509118	9.2406456	9.7260795	
0.9992111	37.6370214	-34.2167172	29.4386134	7.006377	24.0410708	3.2441656	28.4289475	5.2264421	29.2889777	21.8852302	22.8622705	2.9460266	5.0575704	8.8730778	8.0454274	
0.9966743	39.2564439	-37.9120996	20.9401892	27.0814882	28.2688079	6.5163971	28.2379212	5.2099324	29.8183608	29.1578571	20.6318275	3.8284142	9.5631783	8.8963165	6.0422648	
0.8646815	38.984791	-38.0117047	20.1887008	27.1233609	29.3330053	6.433158	27.1366408	5.6232285	29.8602335	28.9917494	19.8949547	5.1411257	9.7480939	8.7585427	6.1314424	
0.057167	14.9320157	-29.3371464	30.6420573	12.7097333	26.8118989	2.1748774	23.4589614	2.4727573	28.5823952	25.2156868	27.7360188	1.6571906	8.2108099	7.077314	8.6295886	
0.3121598	28.0592661	-37.9376458	30.8565234	20.984699	24.856433	7.2469314	25.6655401	1.0865172	28.9889311	26.903582	26.6197053	5.551785	7.7286937	9.9101278	6.8875978	
0.5838411	33.6136348	-30.4870838	22.66141	11.0603145	23.8451309	2.7503035	24.0102791	5.8575681	27.2548337	23.2667863	23.2367079	5.9296484	6.2308275	8.3310271	7.1684678	
0.3030472	32.5752867	-36.7622039	30.7140991	11.9569404	26.2257245	2.685732	27.599435	4.1871523	28.2825014	27.3805064	27.2296476	2.4654932	8.1466386	8.858423	9.2313009	
0.7248497	9.4341366	-17.6411541	9.7963109	15.0890654	16.5532651	10.8649378	12.8004726	21.4636672	26.0834505	18.6619742	15.7733135	16.2537864	4.7327967	7.3864387	6.6603096	
0.9228543	33.504797	-26.3870201	35.7801013	5.656058	20.4580013	3.4325931	25.886931	17.6048515	24.5427621	24.7421062	25.5579251	2.3406386	9.0654762	8.0743857	9.0710582	
0.182572	37.7309721	-39.8398281	28.6615001	17.9328238	29.4253793	5.3609227	27.995638	0.805502	29.7392732	28.4248455	24.3762053	0.4515594	6.822218	9.7636313	8.3005136	
0.4744994	27.8437526	-35.9314011	30.9338842	8.1635051	22.6364249	2.6869418	24.91202	3.4317149	26.7118997	24.7467931	24.5777235	6.2661079	6.6801636	8.6443279	8.1782353	
0.3256201	0.5968017	-9.5281713	33.7131979	24.6904082	21.3043384	21.8497909	21.1159106	10.7865034	27.6502488	18.5876365	26.0534431	18.0124114	5.3330542	4.3703633	3.6659592	
0.4738191	22.7219536	-32.3894219	34.9081261	8.9642202	22.5327941	3.3424681	27.412278	4.6291942	24.0604524	23.5624911	21.4724729	8.4380672	6.7546989	8.5423248	8.3426628	
0.2397513	22.2461413	-35.3019653	36.8066387	9.7890999	19.7251996	2.1385425	28.3520941	12.8187208	29.3642908	20.2892155	26.0796844	7.2175677	4.1943033	9.3011475	9.1664535	
0.7482201	33.6083506	-32.6618887	27.0196957	24.6974646	28.3807383	3.6728868	25.7445757	10.6500877	29.2191703	19.4648761	24.3818108	4.4168478	8.8114735	9.1577693	8.5325126	
0.8933251	20.2575445	-36.0753251	1.8816884	28.2713335	3.2705938	13.5987473	28.5017273	13.0889515	10.2769032	12.491618	27.4953543	3.2586355	1.0583805	8.0263783	8.6581957	
0.8750368	36.3315122	-39.3924852	34.7945451	12.9114447	29.3880068	1.8778937	28.6787669	2.3718378	29.3068593	29.0904364	24.4488268	0.420837	8.5947069	8.8654956	9.0029284	
0.8203039	29.9061459	-37.6749156	26.9158582	20.4026813	26.8788621	2.3318249	28.0647135	1.9958319	26.2073958	27.356644	24.4557011	1.0461589	8.6713029	8.4161873	8.2266512	
0.6385012	24.8444513	-28.7098395	32.5369231	11.5185708	22.7562134	4.8332761	22.6845739	9.3442873	26.403182	20.1484506	24.2646168	7.0834192	7.0955772	8.4267901	8.2548714	
0.7561014	8.1821719	-18.073787	10.0761771	17.1091787	25.3632778	10.3839278	26.3399377	9.5250509	20.5892383	21.4644125	24.6594724	9.091257	8.4574965	8.957137	8.100086	
0.7908405	19.4770389	-35.1494895	28.2536135	1.5108122	28.4334084	10.601371	27.6830399	2.2331033	24.8627418	28.1655108	22.5156331	2.5704433	9.5054009	9.3638308	9.5425741	
0.1398138	34.5299493	-30.6231634	30.5986252	17.8055873	26.0791995	3.2039554	28.4423818	12.5902508	28.4762048	28.8473454	24.981776	2.4019314	8.7057499	9.25894	7.6477698	
0.1366862	35.484643	-38.1620577	33.4668721	2.3073032	27.2575412	1.0090294	21.8738011	9.5790148	29.9165822	22.6950018	27.2464906	7.0633538	9.9991615	9.2453305	8.1952071	
0.7949336	38.7887289	-35.0671389	37.1539443	3.7735965	17.7901441	0.4491817	27.7337889	3.7334137	29.0830253	27.8058058	28.5792755	2.0122197	9.7694691	9.5193552	9.1354611	
0.1077918	9.5104265	-18.4165223	16.4828944	21.6892631	25.1076122	7.0759175	18.0471297	3.6137696	24.7818514	22.496015	22.6655556	7.0668601	9.8812578	8.860246	9.1619728	
0.7738324	36.1277588	-35.7564538	28.8547817	7.714568	28.3435774	4.2089852	26.8601149	1.0555536	27.7276386	28.9282527	26.0416972	1.9646534	7.9785297	8.7608903	7.3605304	
0.3901052	13.942018	-27.7964577	34.4064588	19.8943957	15.1878947	14.1973813	22.6881367	17.5623303	12.0046691	26.9442982	14.0196547	15.6628698	7.5478182	7.6062556	8.2298633	
0.578687	-13.6325695	-21.6875001	-24.0304518	18.4104084	12.7127519	17.5181356	7.5977247	15.3059256	10.593347	6.159241	6.9847811	24.1163704	8.372691	7.0881507	5.9606966	
0.3671998	34.6590477	-36.3184966	35.2113092	23.508493	29.9986659	1.365714	28.5339134	2.653892	29.7259906	20.9173766	27.9841668	1.2512673	9.9603264	9.2562633	8.9008655	
0.3260473	34.3200148	-36.2653836	33.1337245	12.9907448	27.2715454	1.3423683	28.3382832	4.1248433	28.5219344	23.3695857	27.892974	1.2294258	9.3031619	9.204622	8.8435927	
0.3178161	38.2278252	-39.7265472	35.5917465	0.1924163	23.4830265	0.1290072	28.4242197	0.549123	28.9720326	18.6228428	26.9326337	1.2159806	6.4200415	9.5443493	9.1555657	
0.5021839	26.0060047	-34.3346286	31.0522638	10.5660454	24.830541	4.2766599	25.2809705	3.4169051	27.7711811	23.07851	26.5334313	3.0435504	7.2477224	8.7027372	8.3059021	
0.5257684	10.217959	-32.5266803	12.9777073	10.6751186	23.7875992	2.3513702	22.972015	5.0745383	28.0394212	20.8028718	20.3026056	9.3973835	6.2995517	8.5167718	7.4798559	
0.4451668	29.1742463	-36.3441206	24.2015864	9.1933797	26.122847	3.1505273	26.2096708	2.5768554	27.4727604	25.7298427	24.9978085	2.8380822	7.9904296	8.7270332	8.0822142	
0.0976893	14.431185	-19.1533093	10.4221216	14.3731063	27.8868508	12.9312116	20.78364	14.5322008	22.8981484	22.5222264	21.9831384	15.0525669	2.744444	9.414575	7.0113836	
0.7177165	37.7383397	-30.7408557	31.2853118	17.6337811	28.3453356	2.629608	25.7331574	3.2611786	28.0128697	26.2975374	26.611612	2.3092174	8.3378706	9.0032449	9.7225174	
0.3351247	38.9331226	-35.5614216	35.4252161	10.9200256	25.9347043	2.1495555	26.0769964	0.6104891	27.5678155	26.6102805	27.5703454	1.2630752	8.5496951	9.1038343	5.654878	
0.4065479	15.8188044	-29.9084409	34.934318	23.5998635	23.2085598	2.2207207	24.4312935	7.9536482	27.1803972	16.279375	21.275878	8.0557796	5.0341028	8.7562212	6.3958401	
0.4593298	24.7053664	-34.3552337	25.5852239	11.2998736	26.0386442	4.0774166	23.4410851	4.2182367	28.3883136	24.7005054	22.3711333	5.2988696	6.0509674	7.8760352	8.1396468	
0.4683065	16.7402363	-19.6206712	-13.2099815	10.0737929	14.8740022	15.3688541	15.4373376	15.0320663	21.8190623	23.6492012	27.8626295	22.1053159	4.4596352	3.883991	7.7913162	
0.6567662	32.8370333	-38.0044115	25.8724382	14.1173593	29.3906931	2.7340682	29.4175332	2.3814754	29.3090321	26.5040343	28.9157895	1.6621544	8.1463553	8.9954568	9.8181788	
0.7194185	2.7406052	-39.5517586	-0.1397612	13.9057314	28.3988752	0.8108261	29.3926351	1.2211276	22.4024142	29.992083	25.0160713	0.4757779	4.7002773	9.7098629	8.8392776	
0.1447957	39.0319377	-29.1228122	3.949159	29.1064961	15.7762932	0.3186936	29.8191302	2.4329867	28.7810187	17.2403217	5.4606265	0.2815563	9.6957843	8.2613327	0.670064	
0.5064488	27.0157037	-33.7935556	19.3196597	13.102277	17.2123672	2.4095631	22.6464378	7.5389576	22.0827334	19.3996236	18.1464998	9.014559	7.461931	6.3834599	5.2780426	
0.7986239	35.8489363	-34.2187897	26.0716977	8.0305832	24.5300542	1.2215426	27.9500819	3.1866101	27.3661416	14.2470761	23.3227041	1.632154	9.3892142	9.5128226	8.1749134	
0.6249188	34.7160307	-38.1993559	33.4091882	5.6560353	27.5570009	6.9057294	27.2862145	7.0099704	28.0195456	23.7478906	24.3009437	10.0910914	8.8249792	9.7265131	9.072265	
0.0946668	35.0318625	-38.4933761	36.091714	1.0614635	29.6609304	9.2835749	27.3843919	11.618751	28.9853446	24.3469384	23.9224448	8.6379446	9.4798714	9.7295206	8.8514433	
0.855169	38.6410059	-39.914523	39.9046202	10.2578808	18.2515072	1.3899095	27.6469895	4.4607402	28.1920734	29.4647541	27.8582178	1.5857896	4.5350629	6.0907236	7.3059326	
0.918868	34.5230748	-38.4661388	39.9046202	11.7854481	24.7802484	2.8477947	28.2017601	3.3810581	27.5261112	25.4964977	26.2416944	1.1847365	6.3707324	8.0631286	8.5009141	
0.8761459	38.6067249	-33.8365943	39.5764163	16.3802537	29.2661256	1.3821537	29.7461134	2.6047885	29.993945	29.1695283	28.8594785	1.3742045	9.1668356	9.9055718	9.3997278	
0.9434741	34.9679674	-27.0962102	32.9261274	5.8969655	26.5282073	5.0146957	29.0822822	5.2718158	29.8791003	28.6824348	28.2595065	5.5579888	8.7911398	9.9228959	9.360163	
0.6557522	39.1180828	-37.595333	21.3247601	9.195422	22.652403	6.0057253	26.019401	2.7007724	29.2838706	10.0381622	27.308545	2.4590646	9.38191	8.4321602	5.2103426	
0.5192666	33.737758	-37.0367871	25.9912894	8.8211558	22.6202072	4.287639	24.9558309	3.51491	29.027439	18.8783359	27.1837696	3.7860174	7.6280218	8.5014968	6.6116981	
0.6657417	21.7342884	-13.3362094	17.4978622	10.6695456	17.6173469	4.8851816	22.4521381	4.397336	27.3429045	20.1761546	22.5154448	4.8620805	7.9291918	6.9396841	8.9692877	
0.3109325	33.9476471	-38.7545237	33.6081742	5.2405572	27.9455055	7.8787925	25.9750053	11.922226	27.8189631	24.0278492	26.1179713	18.5654061	7.7678288	9.5240268	8.7721811	
0.8290642	13.0475156	-38.8303398	35.1659448	0.0485976	14.0763053	6.0656824	29.2358288	1.3041811	23.6307442	17.4809716	24.9351471	5.8651706	4.063433	9.8806292	9.7620856	
0.558703	29.0049295	-30.6091668	30.0223417	8.2745108	25.7754849	2.546444	24.1560751	3.1702776	27.7148328	22.3320754	23.3198728	3.8058192	9.3981198	8.3483972	8.7600711	
0.7871915	18.9190443	-36.2318001	33.6993803	3.6848759	18.672123	5.3233467	29.1939561	1.2623084	25.4292655	20.5678846	24.9061098	4.8104207	5.7847967	9.6676261	9.7202129	
0.8313246	30.5176903	-34.072385	32.965209	8.1034104	28.3190073	5.1307068	25.5687566	4.3384424	27.5834148	26.6331537	24.9282835	5.1474509	6.4608228	8.7873372	7.7436219	
0.0160139	35.0828586	-15.6236698	23.7095225	13.0109837	24.9902486	3.9212664	26.6508999	9.2926183	13.7575926	13.2702156	16.455172	10.4209941	0.3176983	9.7073683	9.0258959	
0.5837964	16.2331918	-26.2714607	33.5024938	12.962432	19.7786959	8.4819615	26.2465141	10.1011238	24.3972842	9.4543459	21.0148087	3.579657	5.6555476	6.2177894	7.968477	
0.6020952	25.7429162	-32.804827	35.8060994	14.5297053	21.8454614	2.9575235	25.3619034	8.5783595	27.0446064	13.4025587	26.7478135	3.1819923	8.3280965	8.2885133	9.5756199	
0.4231519	-0.3590542	-13.7767547	28.9474537	16.0158693	21.9908507	11.9085317	23.9962904	16.2718746	16.8190897	17.4205042	20.4194334	11.6703414	5.2063885	6.6617228	8.3581781	
0.6622657	25.945843	-32.750298	31.5584863	11.093043	25.5667458	5.4425567	24.1871807	5.1163056	26.5589891	23.2709155	25.6414986	2.9062409	8.2391787	8.396745	7.2896765	
0.5186519	25.9115732	-34.9140012	28.5711278	19.1806677	26.3610931	3.1723426	23.2840406	4.5171517	28.1082393	21.3421653	25.024907	4.3925318	6.9226602	8.7146352	7.7280445	
0.6962417	22.5812058	-31.7835791	22.5202486	13.7210221	20.7561057	5.9738394	23.1417079	6.8316	26.2743693	23.9166273	25.1594517	2.3780275	8.7391999	9.0949695	9.3818146	
0.8361495	5.0049682	-21.9507295	25.5241918	26.8617596	29.7170529	5.7394572	23.1010365	8.0938721	25.7246562	22.3484096	17.7091539	16.1908191	6.575924	7.3500682	8.1568076	
0.2269411	33.7776003	-38.14244	36.0147067	25.1766993	23.1403175	18.2178926	29.3562147	1.0937923	28.8863889	27.1507096	26.1446528	0.088627	8.9491947	9.3051781	6.7846549	
0.2866947	30.8942356	-38.1369239	35.9905349	22.0679797	25.8360301	11.6336804	29.2854313	1.1000983	29.0153393	28.1265126	23.936918	0.0826955	9.0831543	9.2303042	7.5151339	
0.8495883	30.2140041	-27.0312421	33.3287189	4.9038163	21.6196324	3.2388594	26.1250198	4.9390451	27.8803292	26.7186016	25.9902531	6.7382138	8.9182723	6.8378462	7.9460948	
0.7522453	30.2863582	-31.2907191	35.205761	9.5244521	23.1297433	2.3798813	27.2099845	4.9863926	27.7987155	22.3856492	26.1018603	4.2786605	8.960145	7.8716517	8.444983	
0.7332208	-32.0396058	26.3255236	-27.9895811	16.8962302	6.6798875	10.5346818	23.4238564	23.029327	21.3761708	5.616128	11.2337683	6.4577131	5.1976961	5.2281568	4.315613	
0.6389725	17.8089383	-34.6659986	33.9770717	12.367469	29.8049845	2.7400841	28.2855874	3.0332661	25.2203378	28.2381944	26.4029557	3.4558419	9.9778845	9.225496	9.127202	
0.8600579	29.5586164	-37.6486296	15.6398198	12.5928123	29.6646619	2.4073171	28.3999269	1.0085759	28.9132896	27.9566664	28.0079263	1.4589172	8.6945113	9.8431035	9.7680547	
0.4521431	18.8750653	-33.2855062	-3.9381512	14.0944192	14.9100704	7.844036	23.2779552	10.5675693	25.2107153	17.9400624	16.7388433	15.989835	5.9171209	8.4796766	6.1357071	
0.5290894	17.3651434	-29.0544286	24.4191389	16.9936762	24.1246599	7.3916542	27.0253698	9.0891722	24.2423346	24.4331971	26.4103748	5.8809591	6.5556848	9.2869586	8.8112145	
0.5906656	18.0732704	-39.0430407	32.8807132	21.2389298	26.1989195	6.1403453	28.1653298	9.5381874	27.4150597	25.336893	27.8424897	2.371973	6.043939	8.9486693	8.7913326	
0.6880923	11.4215705	-39.001168	33.0707405	27.6259153	26.6845104	6.6410089	29.712138	12.41652	27.603828	25.0362513	28.3910502	1.6055789	6.0747942	8.9897929	8.8538313	
0.7850794	34.1189765	-36.6633835	16.5769489	24.8387787	29.0055885	7.5880293	29.2002167	1.2956892	29.4060702	22.3719857	28.8726695	0.5848298	9.9808139	9.63267	5.9037249	
0.9957986	17.6977693	-20.5308001	26.6180116	18.0289338	20.2408889	4.7050595	29.7672539	7.2916859	27.7602988	18.9484983	26.0091871	10.1097276	6.6516333	9.0162815	6.7814369	
0.6095375	21.336441	-29.5722191	30.3381607	15.5492685	23.0128756	5.8544843	20.3780585	8.0316438	26.6229249	19.372533	23.0928361	9.7763056	5.8456047	8.2319275	7.8166531	
0.8352124	10.8367569	-18.6238636	29.9348343	23.7862925	18.3561674	6.9798926	19.1169308	14.1771185	27.662004	16.7795354	22.558343	18.9097821	2.1983548	7.6821657	8.2026914	
0.5312598	21.347531	-26.905588	29.0159893	15.7890234	23.3213141	5.853653	21.3810717	7.3263358	25.7139491	19.601614	21.7795348	10.9470207	5.1618162	7.638089	8.2877285	
0.6014688	38.021254	-33.7555192	33.97079	10.7889849	29.2135654	1.1906192	27.1430422	4.5827939	27.6172447	15.9534853	28.0256419	1.9496844	8.837984	9.0548549	7.5866988	
0.6552129	20.8535661	-34.664915	30.9063502	11.5719104	28.1038697	3.966077	26.9141693	3.6780583	24.8531827	28.9144137	25.8078156	4.5485337	9.4611785	9.642818	9.4462415	
0.2188909	15.9926182	-35.2978245	17.139772	9.8146959	20.9444176	10.08472	21.9346942	8.7518627	26.1953852	23.1861247	19.7249886	11.7462791	7.4142695	6.7018188	7.8401719	
0.435847	30.325308	-38.4363791	38.1947168	21.6232849	26.9809411	0.850231	29.9338967	4.9590364	27.4294156	3.8304923	26.8525673	0.1056197	0.4448803	9.4679811	9.6148982	
0.4476163	30.6152359	-37.6739914	37.2484158	17.5222187	24.938569	1.246154	29.680818	4.2224832	28.1228604	12.8323619	26.7691844	0.4941261	4.5158672	9.6175826	9.1001077	
0.2078379	24.8261741	-35.8420907	37.3191228	25.9668893	27.8105879	3.1316921	26.4117579	2.5231948	26.4285726	27.2871551	21.4279482	2.3878205	9.0101242	8.730996	7.2394989	
0.5468435	23.4127881	-33.3764896	34.9095597	24.1490578	25.54444	1.6710919	25.9508392	5.0939821	27.3365593	21.6796129	23.106204	5.2897687	6.9530611	9.0274208	7.6437799	
0.5108045	28.5370815	-36.5760514	24.018027	9.7739455	25.206945	2.9788121	25.2563949	2.0443021	27.9240059	24.6143653	26.7382664	2.0544128	7.8278859	9.0026501	7.3674766	
0.9939703	23.5600359	-26.3431459	28.7266593	12.6878442	13.2412025	4.0950232	25.5811838	20.2327922	23.7348949	29.9127519	22.1578981	5.0239156	3.9630857	7.9441389	9.7413891	
0.7087434	17.8482613	-24.392566	32.6982276	7.3425595	26.0446745	0.9554204	21.9775817	7.4839338	25.6730618	23.549063	23.9001486	1.8446451	6.8106997	8.5862067	9.1761485	
0.9909882	34.5598441	-34.7540546	34.6858231	7.3006868	26.0028018	4.6977409	21.935709	7.4420611	25.6311891	19.8518904	23.8582759	1.8027724	7.7565914	9.1534458	8.6532317	
0.5990026	29.0957475	-27.6269981	31.0662347	7.5686408	24.9391243	5.4711262	24.9951603	2.6987168	27.8065234	25.8087326	24.7995568	2.871576	7.7013478	8.3269621	7.4169095	
0.4590396	38.9565625	-38.306846	25.9724012	7.5686408	24.9391243	5.4711262	24.9951603	2.6987168	27.8065234	25.8087326	24.7995568	2.871576	7.5460754	8.015167	7.8175969	
0.6871171	37.4622816	-38.0763614	34.6814527	17.8178121	21.1430929	5.159262	27.9395868	5.0252021	28.6980429	24.0330077	27.7847	4.7984483	9.1828784	9.4942987	9.5010691	
0.6634713	30.629974	-36.9975114	34.094648	17.8178121	21.1430929	5.159262	27.9395868	5.0252021	28.6980429	24.0330077	27.7847	4.7984483	8.1178994	9.1855178	7.7574182	
0.8242655	37.4474236	-38.723015	38.0089099	16.4146765	24.0030566	1.9299522	26.5077784	3.6177677	28.5324981	26.7970757	26.1103007	8.1710393	9.6227951	9.4869495	9.0939037	
0.9915459	4.4545179	-32.3111799	35.6564593	16.4146765	24.0030566	1.9299522	26.5077784	3.6177677	28.5324981	26.7970757	26.1103007	8.1710393	7.3689282	9.1574643	9.7428093	
0.5827574	34.7325072	-35.258303	35.1563995	29.5055631	28.7323389	1.4559211	25.8073893	13.9569995	28.5336259	28.5359189	28.6209219	0.708507	8.8735722	9.0164701	8.0704279	
0.9826623	21.3170471	-37.2987612	19.3663158	29.5055631	28.7323389	1.4559211	25.8073893	13.9569995	28.5336259	28.5359189	28.6209219	0.708507	9.8515142	8.9101807	9.9727383	
0.3767493	27.1691752	-33.5916934	20.9314727	16.1317812	28.4785959	3.3538226	29.0782593	3.8294522	29.5936427	29.6997706	18.3115948	0.9234466	7.0418579	8.5197732	9.1952363	
0.1930297	36.3790033	-31.2002766	31.4290105	16.1317812	28.4785959	3.3538226	29.0782593	3.8294522	29.5936427	29.6997706	18.3115948	0.9234466	9.5676277	9.3571769	8.3919572	
0.6540534	31.8244952	-34.6789564	33.1190221	16.1317812	28.4785959	3.3538226	29.0782593	3.8294522	29.5936427	29.6997706	18.3115948	0.9234466	7.3820183	8.6148697	8.9176823	
0.2966759	19.9928602	-15.8305205	23.3040443	21.5755797	25.9489237	1.5490756	20.629018	4.2258494	28.1745139	18.9375633	25.5775147	3.1141731	8.6576618	6.2829279	7.7493129	
0.9306528	30.232345	-33.9761083	35.7825719	3.8231051	26.9912745	2.1559104	22.3524167	2.1995343	26.9496647	18.5109918	20.0563935	0.1048708	8.1531409	9.6576532	7.211764	
0.1653994	31.6876852	-34.824786	33.7634682	3.8231051	26.9912745	2.1559104	22.3524167	2.1995343	26.9496647	18.5109918	20.0563935	0.1048708	5.0641185	7.1409286	8.4849944	
0.3231808	33.4368605	-33.9501784	22.0044572	14.5217492	27.3686685	7.7047237	28.3778096	10.2451151	28.7275754	28.0533697	22.9939719	9.2114143	7.7572011	7.5433507	7.8745939	
0.4224887	28.9964638	-29.9710418	32.1646545	14.5217492	27.3686685	7.7047237	28.3778096	10.2451151	28.7275754	28.0533697	22.9939719	9.2114143	8.3263497	9.3044926	6.6768115	
0.2999036	23.1262069	-33.7561347	24.7364333	0.9142421	25.8483505	6.108308	27.9429608	6.2642088	27.64917	27.3221999	22.3104628	5.6986943	7.6766163	9.0778603	6.3066087	
0.8644005	26.4907532	-31.4306529	32.8761192	0.9142421	25.8483505	6.108308	27.9429608	6.2642088	27.64917	27.3221999	22.3104628	5.6986943	7.9639159	8.83251	8.5807871	
0.8295776	9.5702638	-35.9646351	33.1666695	6.864487	29.2623584	2.1625029	29.2243367	0.4578109	28.2287258	28.0411415	27.3603609	2.2041965	3.9227153	9.2406089	9.7793964	
0.4272875	31.4855281	-37.7752401	31.3994656	6.864487	29.2623584	2.1625029	29.2243367	0.4578109	28.2287258	28.0411415	27.3603609	2.2041965	8.8295261	8.6334757	8.9836519	
0.3853807	28.9280977	-32.4244262	33.4413366	22.1566357	26.7548077	1.6693309	26.4086739	5.2761658	29.4591904	26.0002905	27.4693666	2.8221009	8.9406395	8.7156337	8.9076116	
0.9972531	12.5315306	-30.2233707	29.2870719	17.3680327	21.6259278	2.2828988	29.0910524	0.5925121	29.4235779	19.2117632	25.7719044	2.1019261	6.6102394	9.0170432	9.8361418	
0.5857213	24.3848972	-31.3291292	32.6320739	17.3680327	21.6259278	2.2828988	29.0910524	0.5925121	29.4235779	19.2117632	25.7719044	2.1019261	6.011408	8.763242	8.3143483	
0.7855889	1.9618172	-32.8758068	23.900111	2.6910905	25.8802763	4.7636471	27.6290969	8.5678505	27.6263768	17.9539003	25.5602393	1.6364719	7.0251513	8.2837055	8.7102407	
0.2545359	-2.8763728	-10.0071711	-39.4709836	24.9840741	29.3114855	2.1623766	27.394543	2.0618035	29.0041064	28.6625367	29.8147598	2.8221052	0.0624688	3.9848867	8.7561088	
0.9702995	22.6748242	-31.8894925	30.4463073	21.9398974	23.6469409	2.1967937	27.0149007	6.2278521	28.1873171	26.7987624	23.2513846	5.3416048	8.5557395	8.88334	8.8609517	
0.9702995	15.0571761	-24.0168204	30.135917	21.9398974	23.6469409	2.1967937	27.0149007	6.2278521	28.1873171	26.7987624	23.2513846	5.3416048	9.9615827	9.282566	9.3885844	
0.5607764	14.6594484	-13.1553922	13.5318277	8.4741784	28.2569502	2.7314307	26.9161452	7.7886526	28.4527987	19.4092367	27.1559096	6.4478736	5.6745707	5.8135615	8.6797921	
0.5024393	19.5402615	-30.3842505	28.4167132	8.4741784	28.2569502	2.7314307	26.9161452	7.7886526	28.4527987	19.4092367	27.1559096	6.4478736	8.050311	8.4162993	8.3445242	
0.2523666	26.8299201	-38.7361494	37.2328878	14.3718778	25.0356639	6.3877674	26.3686942	1.8937387	29.7854088	26.4824564	21.6503845	4.7582554	8.7582138	6.8442001	3.9158711	
0.1627948	17.8826681	-22.0088201	14.6600151	14.3718778	25.0356639	6.3877674	26.3686942	1.8937387	29.7854088	26.4824564	21.6503845	4.7582554	8.5181413	1.6070948	2.7818879	
0.7992029	27.5829416	-35.2498	31.9973051	15.970567	28.7271317	2.403275	27.3449479	6.9725549	28.4449517	18.5353987	27.037126	4.0789906	7.305349	9.1265995	9.3797484	
0.8484167	13.4502499	-34.7912236	35.5075815	15.970567	28.7271317	2.403275	27.3449479	6.9725549	28.4449517	18.5353987	27.037126	4.0789906	4.1958643	9.873781	9.7724222	
0.4621078	19.3398475	-34.7122744	34.0333648	19.2967995	27.7629278	1.2018271	26.4453799	3.7004026	27.9290946	28.0401331	16.0676053	1.110789	7.9297604	8.2768553	8.6360146	
0.4495354	25.3962031	-30.107441	31.0006876	19.2967995	27.7629278	1.2018271	26.4453799	3.7004026	27.9290946	28.0401331	16.0676053	1.110789	8.9889014	8.1090532	7.4403509	
0.6091002	37.6978	-32.8249286	39.3088188	21.4443364	29.5388717	3.846614	27.1676108	7.2013454	28.4547835	26.8515588	28.6288256	2.0471242	7.3942025	9.4022234	9.577622	
0.3120352	35.6849742	-30.9402197	31.6733675	21.4443364	29.5388717	3.846614	27.1676108	7.2013454	28.4547835	26.8515588	28.6288256	2.0471242	9.349026	9.9332821	8.1661356	
0.6608156	22.2416089	-2.2190991	19.8151181	20.6971371	29.5857072	0.8498577	25.8163093	1.6728918	26.8799229	22.9506416	27.2408319	1.0191261	9.8360559	9.1369204	9.2563124	
0.5948959	29.2174882	-35.9473211	31.0319346	20.6971371	29.5857072	0.8498577	25.8163093	1.6728918	26.8799229	22.9506416	27.2408319	1.0191261	8.1369825	9.1980975	8.6029527	
0.164055	36.6191323	-39.14005	37.4431184	12.8470849	23.593039	2.7949179	24.2445952	3.2421056	25.860403	24.0011177	25.0157077	6.3530445	9.1881913	6.46298	7.2761169	
0.0416167	34.963866	-37.0322674	25.7177759	14.4996237	27.5701205	8.0442978	24.052642	3.2784887	24.740215	29.5090532	28.032259	2.4427796	8.7791337	8.9857883	9.7669915	
0.7587852	27.4474386	-34.6510241	28.4418996	9.7608691	29.9811821	7.1496939	19.6866685	7.964274	27.0365688	29.0823262	28.6247854	2.8601766	7.9505025	9.0786131	8.0755066	
0.3768569	34.779516	-38.7362389	34.9808141	9.7608691	29.9811821	7.1496939	19.6866685	7.964274	27.0365688	29.0823262	28.6247854	2.8601766	7.3888976	9.6446912	8.5365412	
0.2528812	15.3190839	-37.7006024	35.6912115	17.9353565	29.3659035	0.3917785	27.1094135	0.8296095	26.486351	20.6431581	26.3057626	0.3603883	4.6627798	7.4065607	4.8682705	
0.9120867	11.2431217	-39.9878155	13.1767043	16.6872426	22.3878768	5.0823139	26.2607002	8.6167983	29.1269137	24.8584259	26.7861955	7.3819182	5.0473509	7.9516615	8.0452568	
0.5121746	23.5272931	-11.2570689	3.9525094	16.6872426	22.3878768	5.0823139	26.2607002	8.6167983	29.1269137	24.8584259	26.7861955	7.3819182	8.6282493	4.9398965	5.4142759	
0.443536	32.764539	-32.2973832	34.3200062	16.6872426	22.3878768	5.0823139	26.2607002	8.6167983	29.1269137	24.8584259	26.7861955	7.3819182	8.6116089	8.8805769	9.1268714	
0.2924776	33.9850708	-36.4535495	33.5253623	2.3640745	26.3024885	1.7635914	24.0671827	3.1668558	27.5224606	27.3632002	25.6683017	1.6222399	8.5424068	8.6317346	8.756667	
0.0956319	37.6370851	-39.8349205	35.9658968	2.3640745	26.3024885	1.7635914	24.0671827	3.1668558	27.5224606	27.3632002	25.6683017	1.6222399	9.418983	9.5702917	8.8368849	
0.8134325	35.7897107	-38.1355592	39.0825201	19.7430253	29.1883801	5.1270754	28.3041136	9.6469572	28.0868695	25.0500189	24.9293077	1.1586962	8.6239519	9.3580102	7.986019	
0.9778661	36.9244226	-33.8381311	35.7146011	19.7430253	29.1883801	5.1270754	28.3041136	9.6469572	28.0868695	25.0500189	24.9293077	1.1586962	9.7474887	9.9326682	7.103778	
0.2648478	34.3649118	-36.4043077	30.1644193	7.7315972	28.5675812	5.1741877	27.1893666	5.3712753	27.5939157	28.0592638	29.4850064	5.5068315	9.3694269	9.7586022	5.8375018	
0.6301954	29.9062396	-20.343299	26.7186939	7.7315972	28.5675812	5.1741877	27.1893666	5.3712753	27.5939157	28.0592638	29.4850064	5.5068315	4.468074	8.886146	9.4429352	
0.8808744	29.0168879	-35.6284205	29.954097	11.4013874	24.2079455	0.6340825	21.3318994	4.3971905	27.3152459	20.7613333	22.451935	6.8957344	6.7996736	9.052034	8.0631969	
0.8865862	-29.9562159	-25.5483919	-14.133328	11.4013874	24.2079455	0.6340825	21.3318994	4.3971905	27.3152459	20.7613333	22.451935	6.8957344	1.4289398	1.1728426	6.3228224	
0.7013059	24.3659413	-33.708818	32.4761977	9.0721502	27.3732212	1.5151158	25.5755085	0.4323372	29.3505117	27.6912516	28.1797805	1.4223662	8.8058679	8.9514011	8.6932247	
0.5999204	30.2482686	-35.3790888	23.4462135	3.8887608	15.9595458	2.5501963	20.4664208	2.8431401	26.5867466	20.3957162	28.3244634	6.9089071	9.5731237	9.7410898	9.9150989	
0.2722788	11.8808384	-34.6953538	31.3961806	3.8887608	15.9595458	2.5501963	20.4664208	2.8431401	26.5867466	20.3957162	28.3244634	6.9089071	5.8180432	7.2578122	7.6080171	
0.6301954	29.9062396	-20.343299	26.7186939	3.8887608	15.9595458	2.5501963	20.4664208	2.8431401	26.5867466	20.3957162	28.3244634	6.9089071	4.468074	8.886146	9.4429352	
0.9819703	32.5733959	-29.7279913	35.0231792	15.1805814	27.1101498	2.4601591	28.9203531	3.330113	27.1903614	26.984763	23.9643255	2.0940371	8.5693771	8.8260969	9.9157263	
0.9702995	15.0571761	-24.0168204	30.135917	15.1805814	27.1101498	2.4601591	28.9203531	3.330113	27.1903614	26.984763	23.9643255	2.0940371	9.9615827	9.282566	9.3885844	
0.745195	22.4934837	-33.2514243	30.2959092	15.1805814	27.1101498	2.4601591	28.9203531	3.330113	27.1903614	26.984763	23.9643255	2.0940371	9.8963986	9.6760276	9.9278327	
0.2974328	28.9729952	-32.2077767	32.56442	2.2407525	28.3474048	0.7210701	13.4601438	1.742602	29.6353433	27.1055626	26.2331107	1.8586977	6.6789849	7.7523087	8.4956103	
0.2697902	27.8798995	-27.4410433	16.7659328	2.2407525	28.3474048	0.7210701	13.4601438	1.742602	29.6353433	27.1055626	26.2331107	1.8586977	7.929231	9.0122945	7.174681	
0.785336	30.4035475	-21.793846	18.0459022	9.0747743	21.2656214	1.9812408	25.366235	10.0426423	27.4038161	13.9836257	24.0043114	2.6017822	7.9737762	8.4336091	8.0947127	
0.2865964	26.8872322	-35.6755025	20.6394621	17.8666945	28.7275368	2.0192312	24.6025763	4.4580068	26.696208	26.1852289	25.5867504	4.371877	7.1337078	8.372833	9.1002128	
0.2406318	34.4865971	-34.979581	15.4202382	17.8666945	28.7275368	2.0192312	24.6025763	4.4580068	26.696208	26.1852289	25.5867504	4.371877	3.1543396	9.4986008	8.5835622	
0.4036706	29.8891884	-36.7161256	28.5316175	6.6426691	23.98673	6.5749358	21.1368745	0.148695	24.6542451	26.3150054	23.2875939	2.8787658	6.9382764	9.0719038	8.5304482	
0.3792558	0.3485445	14.3461898	2.9601776	14.9176094	27.1558571	0.119442	27.7261061	8.5340165	29.3424791	24.4854658	28.8110959	7.2158551	5.3644112	7.4111157	4.5511866	
0.4370937	23.3134617	-32.2174777	33.4553325	14.9176094	27.1558571	0.119442	27.7261061	8.5340165	29.3424791	24.4854658	28.8110959	7.2158551	8.1612101	8.66236	8.3629902	
0.7361326	37.0815405	-32.876218	38.34215	9.8103501	21.9159492	1.627292	21.9806716	9.4936677	28.6060847	18.1110154	23.4792251	4.642173	9.8748891	9.4453617	9.9009608	
0.5063702	-5.4590916	-33.22582	4.2482578	9.8103501	21.9159492	1.627292	21.9806716	9.4936677	28.6060847	18.1110154	23.4792251	4.642173	7.1644889	6.0538625	9.2764139	
0.6366579	-6.9209135	-25.9032463	-1.1159837	5.1544976	18.6173323	3.6993916	28.5070873	15.8116174	29.2899464	28.2480503	29.319616	2.8675453	5.654711	6.0355468	5.5413403	
0.4672678	31.1121249	-33.0689273	32.6164368	21.7851179	28.1285779	4.1309586	22.257411	3.1117744	26.8289062	27.9094494	26.9191429	3.8621528	8.2152254	8.6209926	7.6211604	
0.9809826	11.7651244	-21.2108637	37.8394276	21.7851179	28.1285779	4.1309586	22.257411	3.1117744	26.8289062	27.9094494	26.9191429	3.8621528	7.7448146	8.9805561	9.1297147	
0.3452466	14.0755295	-29.9359164	15.1471161	10.0712921	19.4070495	8.2311122	20.9248605	2.8791272	28.6220535	24.3836189	24.9764588	1.7076558	9.6453648	8.5381898	7.7467005	
0.7676789	17.474695	-11.306396	22.3327824	10.0712921	19.4070495	8.2311122	20.9248605	2.8791272	28.6220535	24.3836189	24.9764588	1.7076558	7.8453547	4.588122	9.3256877	
0.1875315	22.7108644	-24.4054684	23.829217	26.9713899	18.4584391	3.19182	25.312154	1.9416863	24.7438269	27.4366628	27.445522	1.7327231	6.5175261	6.8259873	8.667059	
0.6917493	15.7452264	-34.9625092	11.9867826	21.6815006	28.9040706	1.2630224	29.3702177	3.3732147	27.0656827	25.4059071	28.7103397	3.343076	3.6073105	9.125353	3.7179943	
0.2953454	27.6056259	-34.1924715	27.7501237	21.6815006	28.9040706	1.2630224	29.3702177	3.3732147	27.0656827	25.4059071	28.7103397	3.343076	7.4272072	7.9824432	9.0297945	
0.4107543	27.6531181	-26.2398864	25.2237086	16.7620469	18.4526151	5.5805011	20.903609	8.6835469	28.0470725	18.1741155	26.2253062	7.9563729	9.2934162	7.5274179	8.8603743	
0.7681701	21.7056012	-34.5527154	35.4016547	16.7620469	18.4526151	5.5805011	20.903609	8.6835469	28.0470725	18.1741155	26.2253062	7.9563729	7.8793144	8.5396653	8.7832322	
0.7937733	18.0262553	-20.9850492	35.2043786	4.1156918	29.4131285	0.5021264	16.7900598	2.0844322	26.0731677	26.5255601	23.7079241	4.1066117	5.8505329	6.5563922	6.9843439	
0.6705093	-10.2562056	-32.1387316	21.3822849	4.1156918	29.4131285	0.5021264	16.7900598	2.0844322	26.0731677	26.5255601	23.7079241	4.1066117	6.0937474	7.9072148	9.2490196	
0.3692208	36.5679656	-23.929864	34.7676171	15.1673823	23.4176957	2.9544043	24.0618777	1.9270477	25.5167854	26.2706095	25.2602904	7.3451593	9.7749129	9.6422279	8.2526043	
0.5343397	30.8354731	-35.5197877	35.9161042	15.1673823	23.4176957	2.9544043	24.0618777	1.9270477	25.5167854	26.2706095	25.2602904	7.3451593	5.9560547	8.6624051	8.7505128	
0.3558366	26.9709586	-24.2344032	25.3358582	18.7688304	28.6032229	1.9744041	25.5417141	4.111672	27.2394158	28.548467	16.0557567	0.7698742	7.0284478	5.669791	4.4840613	
0.0529239	37.3409886	-34.7899312	35.6844671	18.7688304	28.6032229	1.9744041	25.5417141	4.111672	27.2394158	28.548467	16.0557567	0.7698742	5.6000401	8.4665363	8.9615774	
0.4495329	33.525675	-34.7633139	30.8915497	9.0150754	15.3056859	1.3759189	29.4352066	1.058968	29.265987	10.7833196	27.6918207	1.1892374	8.1258148	8.7884356	8.6777597	
0.2348483	31.4675273	-37.5867912	35.0757409	9.0150754	15.3056859	1.3759189	29.4352066	1.058968	29.265987	10.7833196	27.6918207	1.1892374	7.9712126	9.3180958	8.6837288	
0.5592442	32.6318649	-30.1067861	34.4504393	9.2591367	29.6940357	6.0905166	25.4481455	12.6812417	27.2780811	25.3698868	29.8030055	10.9161252	8.0276508	7.6924814	7.6303407	
0.1735556	29.8521221	-34.3820785	24.4581519	9.9905109	25.3443702	4.025118	20.8843405	6.2899052	24.3806948	25.9783602	22.5788338	5.226175	8.3105712	9.0727083	7.4485858	
0.5420881	32.433409	-35.7759286	25.1305689	9.9905109	25.3443702	4.025118	20.8843405	6.2899052	24.3806948	25.9783602	22.5788338	5.226175	7.6273439	6.718503	3.2267175	
0.6743032	35.1921175	-36.0434482	30.7574394	11.1862758	20.5021957	3.5567515	23.9037363	11.1982903	26.7386509	13.5224786	23.9433969	3.3978756	4.8433077	8.3264036	8.3388573	
0.8474815	25.1533757	-31.1047901	24.8658849	15.989431	26.1398832	0.253409	27.810868	1.2934165	26.5699765	28.6403164	24.8641698	0.1809723	8.2799905	7.3769379	4.3965048	
0.6060599	20.5839407	-16.0898093	-8.7036215	18.6614441	21.5902947	9.634951	23.1754039	7.447747	26.8839425	25.2419329	16.7787972	6.3706988	3.1275276	6.1541824	4.6803052	
0.6639218	24.4598478	-33.559132	33.8283393	3.5451394	18.813008	3.7763316	24.5989072	4.2736119	26.7325466	27.6655965	25.9712095	5.0144713	7.6638221	9.2522219	9.0672964	
0.2539672	11.9771767	-34.3026228	35.0662923	3.5451394	18.813008	3.7763316	24.5989072	4.2736119	26.7325466	27.6655965	25.9712095	5.0144713	8.7186835	7.8717993	6.7789812	
0.7326433	15.3890796	-31.872317	28.8946912	3.6506208	15.0360984	1.6617149	27.1023573	5.648241	29.5518034	20.3338337	27.49284	4.8594755	8.4134529	7.9219727	9.8656043	
