0.0345794	-32.2086694	22.9442844	29.0992024	20.6666099	13.0457699	27.2472507	28.6182347	25.999303	6.5617106	9.1772475	24.0584996	4.1492954	7.6116438	9.0238492	7.7339951	
0.9359938	-30.7656034	12.7198768	6.6268367	28.4478787	10.3819459	22.3238118	26.8722241	26.4951012	15.9506279	6.0681937	18.2090719	8.8803563	8.2709589	8.296513	9.1089929	
0.7600413	-19.16422	20.8851479	31.557619	21.9323453	8.5564731	26.3668388	23.6281017	21.3135187	7.6411492	10.6660436	24.0232945	7.5996948	8.7926246	9.3430478	8.8277717	
0.4480262	-30.3369042	35.7582424	36.915584	23.1669357	24.0762292	27.8379345	27.7380035	26.0342765	4.8284809	18.6482812	25.7186356	1.1835708	8.880872	8.4030734	8.3194667	
0.8361246	-23.8560161	21.9749027	24.9711271	24.4459972	9.0057443	27.0658046	23.2784299	22.5866496	8.9030131	10.834522	23.8465937	11.4575157	9.0633855	8.2614132	8.3711186	
0.7675124	-34.5289341	29.8193752	22.2063024	25.7844213	8.2450995	29.2077911	28.5611101	27.4866199	8.6753747	14.1108848	27.3919172	11.3318816	9.65244	9.77685	9.2771479	
0.478681	-15.925784	-20.2692295	-15.7462532	24.7642669	8.7619042	11.6339984	18.7268607	7.3598705	13.0322686	16.9302155	20.6969939	22.7482109	5.0692948	8.0322577	8.2238528	
0.9572688	-34.862542	35.8992949	34.267578	26.4349664	11.8807884	29.5850371	21.8104412	26.2947283	3.5882156	9.2635929	27.8891978	8.9930043	9.3027262	9.0520176	9.7266541	
0.4721725	-22.6228739	11.1776507	28.7933953	24.5907799	17.1807439	22.7734146	22.5363241	22.0299675	10.0594235	13.4208778	19.0500595	3.0098128	7.5351337	8.9397135	6.7057356	
0.2914425	-39.0146529	39.3094708	35.7653306	25.3681885	11.5047609	29.8057484	24.3216312	25.8156677	1.1506152	0.4567035	27.6862141	0.7487379	9.8594396	9.9539533	9.6916859	
0.4345318	-33.6829139	37.0510364	39.7583974	24.5321663	0.1665842	29.7369326	25.4743013	26.9975318	1.690313	3.6854762	15.4939784	11.6874355	9.579123	9.7921238	8.6714369	
0.5650494	-31.6257226	26.5013435	29.6580574	24.6630546	10.548347	26.8767944	25.2938474	25.9406601	8.4541131	21.9768382	25.8789142	1.3124561	7.1950636	7.1268857	4.4569704	
0.6202968	-25.1450531	33.8719227	23.2130241	26.7606904	14.2039169	28.6054813	27.9813225	26.406746	10.4562424	15.0671227	26.3369566	8.5041516	9.7848795	9.8968628	9.0642435	
0.9264731	-36.198832	31.9353705	38.1482335	25.3369519	12.8671658	27.5424199	26.7785872	28.2797183	6.1218946	0.6083474	26.142026	5.2696518	9.7912106	9.6776763	9.1952167	
0.9232095	-29.091744	39.3610877	37.3039807	17.5121027	9.719036	25.4140135	29.5328265	29.9215661	3.5510914	10.1000771	28.7481162	6.6245568	9.9840488	7.675172	8.6106778	
0.7540345	-25.6537277	17.7755492	29.3152899	21.2997911	5.4159378	21.9764916	20.0577695	25.9440911	7.1473351	11.063161	20.0342993	11.7441775	7.4264331	8.5504863	6.5853864	
0.7097531	-32.8287357	35.8003092	22.182378	27.1848523	2.1256572	29.8581397	18.6469022	24.6353418	6.0927252	4.0677915	28.2818745	3.3226931	9.5426983	9.6559714	6.1281473	
0.5074685	-39.1378966	31.5909451	36.8636964	29.7124394	4.3322047	28.5480396	27.22362	27.2017232	6.996444	3.3898397	23.0619182	10.3052515	9.2901377	9.026084	8.5179276	
0.6551377	-5.8810213	30.1616971	15.4991518	18.0233188	16.171648	27.8268559	22.7921221	27.5565855	7.8947955	2.8092258	18.2874198	25.1142986	9.3413602	5.9731387	9.2911344	
0.8960227	0.6187801	23.5764713	20.9085498	14.4879062	15.7508262	27.0958905	22.1095203	25.7398666	12.0342869	15.199688	22.7306314	9.4837536	7.2042867	7.431685	8.24341	
0.1819134	-31.9695023	37.2107666	32.003891	23.5279429	6.1026507	27.9953244	29.7648677	28.629641	5.1857695	22.3582998	29.5863194	1.2999099	8.2870975	9.2066792	8.5595243	
0.9770204	-32.0649657	14.9869989	27.2947786	14.0182324	8.5554535	18.9519617	17.0728319	28.7744045	11.7590224	24.5239913	26.9320083	5.9531177	7.7359313	9.3814287	5.6565499	
0.9596056	-25.6224167	31.7416884	28.4091314	27.6612907	4.6024467	29.7531724	29.9042436	29.7304202	11.8325084	15.5672457	26.5711653	2.5931515	9.7681975	9.9746112	8.9053197	
0.6653852	-25.5172388	24.3001533	11.2118949	21.1773492	14.483413	21.4031124	19.2654365	21.4690278	5.140928	8.903659	22.185885	8.0808125	8.2038941	7.0557047	8.6179477	
0.8264343	16.8136129	16.4414482	-7.6300508	23.090945	18.1522172	11.7822846	29.2650974	21.7353022	20.5908089	16.107152	4.8424069	21.9740251	8.4636444	9.8677808	4.4829316	
0.8843408	10.9394987	-28.0173541	34.9177878	21.5238079	14.6921415	19.4555169	17.6156686	28.8811237	13.9588133	20.004948	4.0680485	10.956007	9.7443071	3.4337635	2.0174217	
0.9222275	-25.769076	30.3104952	25.5398362	27.1387787	6.6839839	27.8802499	26.7154585	27.6252939	8.2444937	16.1653555	26.6443386	6.8049859	9.3254802	9.1146502	8.4868551	
0.7925019	-24.415084	35.0137493	39.0538053	28.7164861	7.4260854	29.9833302	29.6417243	29.9461304	13.7470918	19.3834282	27.2999189	6.1038813	9.475675	8.9742712	9.381248	
0.7601101	-26.7853495	26.2997931	30.6112174	26.3625886	8.3536099	28.979629	29.4654431	27.9708319	12.9769563	7.9326043	28.8799864	7.8567619	9.9980242	9.8933775	8.8064677	
0.3864054	-34.5317571	34.4716417	32.0173079	25.1937945	8.992646	26.0724611	27.4029879	26.7700326	6.9545655	7.3393058	25.0174484	5.267945	8.9975395	9.4670292	8.9874015	
0.6360367	-32.764551	39.6548725	28.9043752	29.4932584	9.3929242	28.4325513	26.6784046	27.2600265	6.7658018	20.0033828	26.971503	2.8121984	8.6421204	9.2664356	7.0156829	
0.7536123	-36.3482194	36.2639352	34.7272829	26.7680323	13.7818766	28.8476547	28.2087243	26.3920646	2.8184083	28.5925334	21.2564173	1.4211879	8.3851228	8.8773374	8.7812277	
0.6335414	-31.6818134	37.0802849	29.3919672	26.2628787	1.6085132	29.8395214	24.8968252	27.5583463	5.7567875	21.582072	22.0732183	2.7067286	9.0940285	9.8490783	6.4663417	
0.6864078	-38.8110981	-22.4829343	37.4863802	26.0827099	21.1781186	28.643886	7.9270891	29.6444409	15.884645	20.3054296	3.1104729	9.3003718	4.6636198	9.8078811	0.0666239	
0.9785869	-14.7540962	16.851532	26.7079162	22.4421348	8.5411815	26.604638	23.3507433	20.6237041	8.5737616	15.2332576	24.8621888	9.0751504	8.9536563	9.388677	8.8876689	
0.7797912	-21.6279222	26.4055465	27.9786227	27.3572862	17.3321169	29.6485787	28.0092206	23.7232851	10.3192666	17.2712189	29.2183666	8.4470648	9.1699829	7.9763677	7.4668198	
0.9177209	-28.9014334	31.467597	23.9492816	27.1647805	5.8513849	29.8017327	29.5777111	26.0097277	2.0393808	18.3498986	29.7778917	5.0478242	9.6184131	9.4005783	9.8435073	
0.9454534	-33.6998327	31.7907869	37.8755728	23.4018518	11.9419722	29.6960312	28.8948958	24.8565338	2.6052384	17.7040856	29.7375533	2.7267381	9.6448807	8.8083793	9.8361562	
0.7916079	-29.2373215	29.7375495	19.9592293	26.1720034	6.7356467	28.9853812	29.1666872	26.9287898	10.8631532	15.059166	25.4527568	16.0592672	9.9637417	9.9720868	9.6424977	
0.9383809	-27.0273929	37.7747279	36.9003855	26.4194827	15.5756243	29.6941322	27.299828	29.0378125	7.2879797	4.8489191	17.2338681	2.7381435	9.0741428	9.4182109	6.4973405	
0.8626863	-24.0498282	38.1888908	38.317881	28.0546942	15.9432866	29.8267888	26.4809312	29.6803253	9.5352948	18.6645337	18.5669046	3.1138566	9.6707392	9.689557	8.0689455	
0.9767298	-28.9422848	28.745095	26.4258893	20.6034577	13.2204598	23.2311846	27.6701434	22.5666714	10.4073461	16.8109674	27.01507	9.2525242	9.3134069	8.9805904	8.0667704	
0.9599726	-28.0117986	33.5571795	17.1182748	22.9465462	12.1355966	28.0789666	24.0375173	25.1421223	12.0769229	9.9670951	25.1940013	9.6829701	9.2887491	8.8326289	9.739218	
0.863539	-32.3578135	34.1454592	28.0369894	27.8683446	9.9079113	29.1148776	25.6231826	27.7406812	5.4456102	16.7541952	22.954845	6.7561592	9.4140315	9.5277516	6.4919812	
0.8177309	-38.2352166	35.3224883	28.4836528	28.1965358	1.0640984	29.3830016	25.5993531	28.5508037	5.7365618	27.505491	23.5567902	7.3625397	9.5006208	9.7326056	7.9850316	
0.8962956	-30.1313393	37.8824514	25.1831736	29.6972618	5.8930425	29.5519413	28.7887013	29.8457312	5.5954668	23.7001765	20.7446801	3.3306215	8.62901	9.6534835	6.5807222	
0.5672958	-33.1795413	35.3453207	29.4363442	25.5776738	8.771402	28.6810226	26.8614631	27.8784402	6.2596025	15.5466794	27.478273	4.5609892	9.1420159	8.9467777	8.3408486	
0.9994426	-31.3997708	1.1824324	27.5809374	22.8195565	10.4472734	28.2483083	17.6403727	26.1939528	8.3124683	9.131333	16.9008228	12.687201	8.3646866	5.7201586	7.0489379	
0.4156652	30.3812011	-12.6822382	-24.2204596	26.827875	16.8820431	17.3112267	4.6830419	9.0977727	6.4223732	1.1896275	19.5985743	5.0542862	9.9368177	9.7697895	7.6658067	
0.6239179	-24.4124734	30.8549475	23.074849	25.7281395	8.2131344	26.110377	25.3751757	24.0348207	6.3623157	21.9507367	24.7553267	5.0678124	8.051658	7.9220404	7.3645786	
0.0996992	-38.8538302	39.0496108	38.3789604	28.2974454	9.9537018	29.4908042	29.7886437	29.6291747	2.2538805	22.4224361	29.5790549	0.6345845	9.7722341	9.7566474	9.8222248	
0.2789308	-32.5497232	26.8941634	26.0445731	25.3957852	8.274022	26.1086601	28.1318354	27.0143091	5.1698856	12.6324159	27.0564719	8.8354008	8.2687406	5.428872	7.8224987	
0.7650645	-21.745852	39.3819546	32.7441707	21.7169364	2.8616506	24.7155947	24.6939425	24.1010316	11.427046	4.8843632	29.9071529	7.0664724	8.6079815	8.1858024	8.2869482	
0.6987468	-38.8509784	37.7978762	33.147763	22.2673504	2.2253642	29.862951	29.6520031	27.0342327	6.3271404	10.2391949	25.5924914	7.2532906	9.6630064	8.4683277	9.4854669	
0.437913	-33.2296539	38.7637144	35.2958939	23.6104961	0.8971347	27.665356	29.5222884	26.2212699	6.2776128	6.5590465	24.3444715	6.3780951	9.3412456	8.2910879	8.5288985	
0.9060026	-26.6584034	37.0168388	31.4632759	22.9716156	2.2856313	26.9589878	29.6627998	25.7030438	10.8045801	3.900461	24.2490076	9.4658448	9.7138614	8.3935601	9.0158913	
0.5866661	-31.4461057	-13.3412053	-32.0978232	27.5798566	26.2668909	13.085081	25.7652196	10.5055572	8.5680819	0.4793693	29.3022272	20.7620775	4.0187379	4.2624832	9.5353226	
0.5624056	-36.8894272	26.2231888	16.8784979	27.3973751	14.3353422	25.205213	21.2882469	13.3645874	0.6626653	19.162527	29.8185068	23.1338648	9.2318603	7.3687801	9.9356179	
0.7727912	-16.8357669	22.0367565	-9.0810643	13.424858	16.5837954	21.4474715	12.3287577	25.5447306	15.8258525	6.862754	13.825873	14.5405295	5.4852668	9.3902687	5.4605069	
0.7668339	-35.2100383	35.2378989	15.2616198	27.6510492	11.4551144	29.0080005	25.0732081	28.9583865	9.9002328	6.4220273	25.0682244	23.1276476	9.39509	8.1157417	9.5126101	
0.772027	17.1245015	1.1112662	15.6228795	16.0522106	17.3622715	15.2698642	25.5407863	24.889501	23.0872056	1.8484374	21.9622696	19.1894237	6.7307063	8.8011689	9.1660018	
0.6608945	-30.2060354	22.3810762	27.6345551	26.6469624	8.8505125	27.3066902	24.3443049	22.8191906	8.2353679	12.867592	23.6971241	12.8420154	8.8075892	7.809245	6.9356323	
0.2943361	-29.7147532	30.027545	32.0889326	25.5261737	10.2359429	27.849021	26.9364801	27.3346521	8.8287968	12.3507274	24.4030861	5.7523833	8.6724252	7.9370862	7.3472115	
0.6508545	-33.259365	25.4688807	23.1019884	25.1105683	15.0057864	26.3834834	14.9762634	26.4940057	4.5728709	10.4216622	24.0511493	8.8244013	9.7283195	8.8210821	7.8668554	
0.6681729	-26.193604	27.0091222	27.6469016	26.660326	7.2525204	26.1987662	24.0647106	26.0778053	6.4322361	21.0492258	27.0737645	9.2434556	7.3641269	9.4563212	8.9547629	
0.6887778	-29.6789608	27.4990537	28.3685924	26.680177	11.052521	28.9242578	23.3495393	25.3891792	3.8650726	17.5986639	24.1922218	8.7852051	8.2238267	8.1770036	7.8729751	
0.9185934	-28.3867447	27.901168	26.2172289	23.0743022	9.5266615	26.3205348	24.6933296	25.9959732	7.6874302	11.3058469	25.1955507	10.0271052	9.0071146	8.2726713	8.102136	
0.623925	-16.9776631	21.4821967	1.8132243	18.9640192	12.9878706	21.540583	11.0040658	21.0659983	7.6076791	11.968842	22.518874	17.4978451	8.6184862	6.3301366	4.6389736	
0.6378432	-26.0012926	29.5714258	22.3769676	26.0574303	9.6362505	29.639269	22.5251444	24.3566702	8.0058163	19.3316717	22.7152574	6.3152903	8.5595469	6.8524386	9.1401946	
0.9283305	5.2001351	11.7765463	-35.5836854	20.6223362	8.8932952	9.4830127	12.4230146	29.791631	9.6708414	19.9833558	26.3910322	21.095581	4.1774783	0.821779	5.8634773	
0.7938392	-30.5116095	29.2985051	29.2002232	24.3372522	9.5307058	26.858821	26.6491229	27.2449036	3.0387572	15.2829706	25.4661268	6.0724148	8.723614	8.0123748	8.1218324	
0.5464905	-32.7404097	8.1691288	6.7703881	19.1309222	12.3881335	24.1433715	18.0555277	25.7825438	7.04311	11.8312245	20.2259478	11.1400087	8.7717407	6.8936242	7.5090862	
0.7965867	-30.2467837	39.2754323	19.7380536	28.1466889	7.7213911	29.6544116	29.707354	29.770632	11.3081295	4.1888204	29.9770291	18.7818344	9.8062906	9.8870715	9.8511628	
0.6293821	-26.5360462	36.0799366	-8.293929	22.4350773	16.5331808	28.6168314	24.8351209	28.0915158	7.1153687	7.1165428	25.4889026	10.7597993	7.1193188	9.7158786	8.2814993	
0.5243752	-32.2651745	36.35907	27.1116575	24.1923891	8.2304303	27.915917	26.4173394	26.7631814	5.2482021	13.7747612	27.1115334	5.2212218	8.8132369	9.5099424	7.8267674	
0.7857885	-32.2395042	38.5930928	30.1893576	23.0125873	7.7327346	28.0862734	24.9273465	26.68577	4.8058523	8.5211175	29.6506622	7.3544147	9.2548756	9.7072416	7.9990144	
0.3128583	-36.07239	13.8577203	-5.5942213	16.5362068	12.7211938	21.9324874	27.3714615	20.6969849	11.140855	0.2540495	22.8635265	11.638103	5.9226495	7.4971615	6.5712812	
0.164914	-27.5474906	11.5867481	23.7743036	24.5499857	5.1822127	29.1263217	24.1104367	22.5352792	14.8857385	5.5041886	21.2127666	17.8802012	8.6672637	6.9308439	7.0481463	
0.7099915	-3.2081803	-17.0415789	-3.6501173	23.9469015	12.3004507	27.0917923	25.345576	16.8377269	9.8593808	8.9486702	28.2076559	10.4474332	9.6283734	3.0191831	6.5378875	
0.9074782	-28.6278957	27.7897492	29.8798734	28.1445063	9.1916465	29.0341225	28.6886234	28.3468662	9.1925536	12.0524906	28.476525	9.1568623	9.6652822	9.7939738	9.5824347	
0.6623325	25.3537431	-20.9758641	-14.7490033	6.9095475	22.8967254	6.9866982	27.0909812	20.3557031	15.8265333	21.772481	21.0331364	1.763216	9.7776114	6.2160322	4.3369931	
0.8793481	-36.7609977	35.2021828	29.9985889	26.5497034	8.9266038	28.6039232	28.4799822	27.4523152	5.4636463	20.96407	27.8657298	9.5635292	9.7799235	7.3170959	9.2038576	
0.5473505	-26.9543	29.7492091	27.3985254	25.5017687	13.4670059	27.5879327	26.6945057	27.6516739	9.909018	15.5286924	25.4547905	10.2737779	8.8674148	7.5597525	7.7120691	
0.9018405	-32.3138526	36.5168287	19.7718869	26.6829298	8.8059768	29.7686274	29.6483031	29.9789039	12.8662842	13.6385553	28.2260217	10.7917231	9.9334435	8.1851252	9.1301677	
0.6483549	-37.5789701	38.3137102	35.9880798	26.9744529	6.5582427	29.8766814	29.809015	29.6560872	12.8766302	2.3323543	29.9909498	2.626135	9.7014546	9.8071979	9.752115	
0.7741708	-32.899092	29.1018596	35.214427	28.6051791	8.8713396	29.942656	26.8259545	29.2143793	2.5291397	29.9546514	28.0301254	3.514004	9.6293115	9.7712934	8.9421147	
0.7799411	-24.357297	-17.5127167	8.5948728	7.8603694	17.1462622	25.4987686	16.9747977	10.9850076	10.3469245	27.2842355	23.262608	14.3065	6.3480936	4.3563252	8.0319138	
0.6958477	-29.8211777	20.734872	31.7467998	27.2028592	9.6541349	29.6676005	25.9293797	26.928021	9.8082129	18.0446151	26.1008334	9.5599142	8.7705203	8.837387	8.915176	
0.9770165	-35.1534042	24.4929291	32.7240551	27.4181671	7.751676	28.1698111	26.8684708	28.1502828	4.1529423	18.8033119	27.3186742	3.9051392	8.3941084	8.5185994	8.5430422	
0.0014615	-39.9153711	22.1532325	38.0775625	22.9179672	15.5340301	25.8525983	25.2493394	27.3805764	9.2496317	25.0332367	25.9933607	3.3292807	4.3919155	3.5061586	4.1745666	
0.350743	-34.8751483	28.3689915	29.8793649	24.8461409	8.5418542	26.9260303	25.7387952	27.1504888	6.0118377	15.4657632	25.0567382	6.1211107	7.5490935	7.1608275	7.7090214	
0.8411181	-37.1095474	27.4492187	23.3962522	27.4304061	6.6408236	24.4478311	19.6113628	22.5254935	3.9653877	21.3157767	28.2363167	8.5949381	9.0659612	8.296381	3.0500401	
0.9451433	24.1689316	-18.7211333	-15.8961936	18.5721591	19.0022248	5.688165	16.9879988	4.0619129	16.7955205	24.5262542	12.2763388	2.3463702	2.9072339	3.7214532	2.2883426	
0.4986182	-32.8459776	33.0128696	22.443041	27.5414419	6.5851643	28.9115596	27.1972194	27.3960294	7.6627965	6.6634708	26.5764641	13.1795561	9.5211426	9.4200034	8.4947206	
0.72687	-33.4106079	33.6265769	29.0499405	26.4484221	10.7008708	28.1282587	26.0570087	27.3277521	9.0734912	14.9377298	27.8654843	6.7287102	9.0651564	8.590719	8.2826082	
0.5675516	-36.6332695	28.4572287	23.8169146	23.9706263	2.9001864	27.6475289	27.6707767	26.668611	2.8522233	8.5512527	26.3375864	4.682029	8.8734692	9.4475619	7.9445068	
0.8852992	-28.5726013	32.0825092	20.2291697	23.2825312	9.028757	28.5631504	23.6617669	26.0355177	9.3301542	13.9183027	25.4044883	9.2964752	9.3122529	9.1461161	8.3794221	
0.9373125	-34.2029837	27.1998479	24.2360424	25.2308333	9.2504774	28.7498895	28.5198072	25.6785468	8.6835279	13.7584731	26.1965476	9.9829227	9.2705524	8.8430572	8.8394275	
0.8231637	-28.8198381	30.485329	26.9944422	25.7844872	13.5792694	26.2223799	26.6152093	24.4802369	8.7662038	17.7220369	26.9926131	7.4755736	8.7929388	8.5862658	8.6470484	
0.7940901	-25.9013558	38.8395208	30.7485218	23.9616664	9.0148201	26.2362779	26.2193872	25.3663412	5.0837347	12.8257526	16.0850979	11.80998	8.9216895	9.5570228	8.1790642	
0.4064949	-28.7814578	35.9987666	27.8928434	24.0876673	8.5643812	26.0589676	24.6281257	24.7303124	5.6552581	9.9791919	17.0154922	11.9972504	8.4147767	8.2972737	7.432946	
0.831151	-33.0482715	38.218112	22.3371294	29.2165395	15.7963445	29.9017002	28.4588214	24.7495843	18.2915342	4.0397217	26.0720846	10.4144193	9.2218177	8.5676035	7.3855976	
0.8246796	-21.4237443	36.4202136	32.4018921	23.7693081	9.4074647	25.7963678	19.7667269	21.9212198	4.4544111	5.2675447	25.873294	27.5057314	9.0490556	6.5644343	8.856517	
0.669327	-17.8987253	19.2957697	17.0988301	27.5516833	5.5607762	23.5753505	24.3559478	21.9708891	9.5579414	18.4823816	24.0704153	14.9431048	9.9032852	6.6969869	7.8145935	
0.8948108	-34.8534975	32.8440093	35.7922409	29.9219812	21.9348596	29.974017	29.9145044	28.3485397	14.859154	23.7772553	28.7811392	2.8079953	9.6540093	9.6551116	9.6703184	
0.6672613	-29.4182803	25.9702274	24.3242436	25.1966305	12.6752726	26.0212754	24.3892594	24.3518629	7.5961514	9.1357729	23.6021492	7.6607426	8.9051789	7.065404	8.9161768	
0.4365163	-39.2505384	39.3595651	38.5448475	23.4401565	0.3401791	29.9085636	27.9622079	29.3829456	1.3736438	23.5200274	29.5778276	0.4774112	6.6964649	9.212187	8.6312843	
0.8489658	-15.0534128	32.4591306	39.7610472	29.9066935	0.9623739	28.3144913	11.1777912	29.8364743	1.1834345	25.143313	29.66401	3.5602482	9.9836367	9.7970302	9.900401	
0.9711624	-26.6905204	9.3971221	32.177404	28.3195016	10.9206781	27.5064555	26.0882864	25.5663607	11.5131682	27.8889744	23.8935161	9.160475	9.9145173	9.7883116	9.6570874	
0.2845978	-35.6085645	22.7836331	16.6708522	25.3232064	12.0928463	29.2552972	13.0180195	17.8726517	1.7051054	24.7890382	18.9564583	23.9302896	7.0634955	6.5865378	8.8492319	
0.4683982	-32.015032	30.8027935	20.9844278	25.7683549	14.424639	29.3266498	23.0296509	23.8231399	6.3062854	5.4937205	24.4413227	14.7716969	8.2134101	7.5899897	7.0747703	
0.9089397	-20.8427468	26.2521644	21.9342841	24.4310326	20.5140662	27.6360362	25.2385209	27.7632041	13.4900774	24.8494698	24.3499095	9.9237265	9.11267	6.9503087	7.251218	
0.446941	-28.3359714	19.1362375	18.3072555	26.6305348	10.2906938	28.1612592	26.238186	28.0413525	11.3887266	16.9509786	26.7488805	12.4427023	8.9621006	6.63454	7.480504	
0.8462481	-34.1808564	31.7335005	10.0918625	7.2853747	10.5419865	23.268692	26.912374	24.6223722	16.9305717	29.7815749	21.3910159	27.9629313	4.9243972	5.8489489	9.1838192	
0.8114222	-25.3268915	26.342349	22.7899344	25.2412852	11.036618	28.4434261	26.7284061	27.6326999	11.9122195	15.5775747	26.318586	12.0644812	9.5681294	8.1919232	8.8351502	
0.9787465	-26.8645809	27.4657757	15.7837778	26.0496196	8.9792427	25.1404704	25.9816544	25.5971527	10.8201613	17.6046763	24.8922665	8.9163667	8.0165667	8.0412994	7.7345318	
0.9403529	-27.9935267	16.6708486	19.889256	22.0076874	10.168223	24.2138396	24.7676693	25.9297082	11.316422	10.1453117	22.1847788	5.9123322	7.3371274	7.0277916	5.6264541	
0.8936882	-21.0304014	36.5006998	22.8983912	25.3934438	17.5594581	29.6556635	29.9131373	29.6192209	1.8466296	27.7131058	26.6555987	16.8158822	9.9821934	8.9430936	9.6468016	
0.9127414	-31.4151103	39.9793307	39.9388275	29.8901013	15.1378137	25.4500803	27.4465301	23.4954928	1.5765581	2.1848176	29.8765248	4.4503259	9.7780187	8.9471184	9.7396206	
0.9347518	-31.6165072	1.9584084	19.8092563	13.6858124	8.6402076	27.3894063	24.6988116	18.7809594	12.0418864	6.3008861	23.8650496	10.8237877	7.3605626	9.0529101	9.3797921	
0.5266729	-21.3194331	23.3409383	28.6380274	26.3257779	12.5009518	26.7089208	26.4706112	26.5197885	8.891304	16.6940098	25.013155	6.0984367	8.2553759	7.8880998	7.6180857	
0.8385842	16.7138541	3.1302796	12.257639	2.2759784	3.3551174	20.6731631	8.1136229	27.8820328	26.7703819	20.7528949	18.4489725	24.0574802	9.6322547	6.7852253	1.4036916	
0.970724	-33.6353614	33.8035151	30.3576054	29.7888168	0.7887069	29.1541451	28.4560335	29.8291107	3.5013389	10.3533863	26.888866	5.092445	9.9536903	8.4411078	8.0223962	
0.3155124	-32.6875843	33.1945901	28.1989639	26.2394115	11.0867243	27.4824577	25.3444902	27.6115602	7.6939042	16.9531418	25.1719519	2.9709285	8.1063951	7.8998353	8.0053579	
0.3680333	-15.5828401	4.2306951	3.3453915	15.7168741	9.2550654	22.3822301	19.0505037	20.7456225	11.387684	17.5209879	23.110908	16.3236825	9.0166682	6.8129104	5.1689224	
0.1388224	-27.6091684	-0.2009696	39.8161178	24.1306594	16.4379723	28.8134406	28.5330049	28.6405749	29.9750706	27.5377814	26.6324154	3.2871152	7.7666175	7.4018508	8.6833411	
0.242821	-27.3909941	5.431412	27.2102265	12.8208606	10.8454344	23.4786363	27.0813276	26.826657	7.9612041	22.6368864	27.4568208	6.3620183	7.8264332	8.0251281	9.2822408	
0.8987936	-29.5757106	28.0957113	27.3493533	26.4475994	7.4293236	26.8530143	24.9316233	25.7905384	6.5930268	17.0764584	23.2840311	8.7372163	8.6452126	8.0560291	6.9532343	
0.3239312	-36.6086539	33.2863836	37.0705725	28.6308995	1.7007866	29.1029921	24.657547	28.7494628	4.5914443	13.1834506	27.03435	4.115059	9.2427571	8.1211051	7.8618539	
0.9647208	-16.1452892	35.3589815	38.3090023	28.9702175	2.3758673	26.5908018	25.2833658	29.989256	8.9938571	22.1785566	20.4718049	5.1802074	9.8534601	8.5993467	8.0068039	
0.6788298	-22.8579896	26.1734565	26.8125272	27.224908	7.573746	27.6205299	25.4494275	28.6767047	6.7668406	19.4851797	19.6588697	9.97256	9.654781	7.9978677	7.2055646	
0.6589076	-34.7145738	36.9261081	26.8547553	26.4724044	12.0952065	27.9614275	28.4562441	28.1025866	7.6016276	11.3895143	26.5371251	5.1879888	9.5276134	9.1046116	9.9234315	
0.8108864	-34.2693933	31.3074648	38.718028	29.8640418	9.2866164	29.7604912	28.436183	29.7106638	2.2652538	13.9832507	29.6759923	2.262569	9.9074416	9.0890966	9.3981981	
0.384602	-22.7230749	27.3100171	18.7254697	21.5109356	7.383325	25.9010463	27.6352771	26.926311	8.1831449	12.6188609	27.301631	7.8330945	7.0845203	8.0086682	8.3322007	
0.9498653	-38.2585203	-3.9964348	1.3985375	28.3274028	4.3496357	14.8106818	25.2778675	24.882391	20.5423365	0.6245566	14.9655155	12.4524072	7.310622	7.3689363	9.3330603	
0.6399688	-33.4336174	34.2295271	29.9734114	26.1174285	8.949701	28.9215498	26.8173633	28.3733993	7.4456652	15.6213416	28.1864125	4.5790146	9.2209662	8.5192559	8.6812676	
0.3832581	-37.9937724	31.3367072	32.6152403	25.3195383	4.2450195	27.8699455	27.1886037	25.9769967	6.9937356	1.0726099	26.5418427	13.3496158	6.8729602	9.3990618	2.5078544	
0.9176399	-21.6377515	-12.2668469	7.4471492	29.1682844	17.5152679	22.0103999	12.0288413	8.6043127	17.2692397	20.8695528	15.4835759	22.267155	2.8175732	5.22233	7.6255972	
0.6835418	-25.5827734	34.1677248	28.3115468	22.2679384	12.5887081	26.9829873	23.4954715	26.9613066	9.0166789	14.6212881	22.7266824	12.6274824	8.8500514	7.0041829	5.4831284	
0.8482621	-22.7251036	26.7862483	22.0221478	29.6267548	8.7089949	28.6824016	26.2376615	28.7276499	11.1372932	17.1017691	26.0812274	7.8839211	9.9177769	9.7316979	7.0528989	
0.7353504	-39.1675224	31.2745473	20.3087529	21.7007705	4.8115823	25.7261041	25.0270298	29.144702	5.1226855	16.1255742	25.8749032	1.7744049	5.7996396	7.2592899	5.9146018	
0.3842103	-31.666476	18.6019273	18.8376615	25.0000702	5.2078819	29.219242	25.9808974	24.3580307	6.1583282	5.5963755	28.2125779	15.3049763	8.9453703	8.7934909	6.828554	
0.1441604	-34.1881943	-30.4302207	-32.7956711	27.9608367	7.6412873	29.4847203	25.4499938	19.0397515	7.9025785	2.5201964	28.3559813	24.0038127	9.5745495	9.9882544	3.8936596	
0.638484	-18.2860087	34.9129821	21.5372067	12.0496769	6.588755	24.6609368	24.1667959	25.6159112	1.8852333	20.6919113	29.9020438	3.0608901	7.4621589	9.6856361	9.7632886	
0.5670033	-28.9121269	28.5960804	29.4950811	25.4856883	7.1276211	27.593866	26.5661092	29.2417338	6.4679794	16.8602013	26.3467972	7.1095367	9.2142118	7.9669068	9.6396771	
0.1611397	-23.6130648	25.4414456	33.8892739	21.3051975	5.7087993	29.3910343	27.3255438	28.9042611	10.0354943	7.9665711	27.5651854	1.9873123	8.0490982	7.2611573	7.8026096	
0.2695348	-25.6714021	35.5837723	31.439536	25.3558761	10.6066877	26.8462799	27.1792301	21.16367	2.2327279	15.6146365	27.0491953	4.1927047	8.1388381	8.5029901	7.6292448	
0.1578513	-29.3063347	39.2513468	31.4901047	24.960929	2.1376834	26.481308	27.6017973	28.5957445	5.5572	17.7313045	27.4810956	10.722102	9.6080501	8.8576291	7.2517098	
0.7424411	-38.531025	37.9903647	39.773933	27.3091078	21.7200133	29.6713846	29.218743	29.8071001	4.3581633	26.0351539	21.1123486	3.1508252	9.8815172	9.6495567	9.9729107	
0.7627352	-32.006512	27.7078678	29.1183461	26.4716263	13.1252276	25.0777933	26.3315648	29.3982396	2.0463368	4.1814229	25.1493857	1.6378695	8.178073	7.4657636	9.3126042	
0.9073168	-30.4122893	26.9398082	16.0909128	22.9096873	6.8492575	28.651274	28.1791585	27.6561823	6.1756578	14.0448668	23.7378433	8.3912887	9.3985776	9.4273581	8.6147842	
0.139432	-36.3182868	38.6583185	2.9951009	26.5924053	10.2882161	29.0380924	14.7817057	25.4055812	0.9269463	21.4374152	24.3525521	2.4896132	9.8376229	8.2720109	7.3734872	
0.8066622	-16.1654194	-1.5272946	-10.2330373	12.0510591	7.4455949	28.3016629	17.653044	28.7243984	13.3397228	15.201992	20.9576214	16.2317699	9.7324986	8.6265385	6.0743291	
0.1121455	-29.1504039	29.9554962	-17.527181	10.3937863	3.8338246	29.2137504	27.4622883	27.6015067	9.1207039	11.8540972	15.3466322	11.8125613	9.4145047	8.5499306	6.977445	
0.5691822	-35.5955331	28.2737942	39.9032839	20.3065333	11.2102598	21.952163	29.4308019	24.8465402	13.1660366	25.1258786	23.7878376	10.3386788	9.5954915	8.9323119	7.5655144	
0.0529143	-34.8032529	29.8947114	36.0865253	26.5177665	17.4320522	17.4188972	27.4697618	24.6651551	10.5572837	14.0260574	24.0442934	9.0995978	8.4829015	9.022577	7.7888216	
0.8664588	-25.3095666	33.1749013	19.3761402	20.5444991	12.7136661	28.7327966	17.0752814	22.1680426	13.2445892	13.2090307	19.3131552	5.4555987	9.7387042	9.8138151	7.7092525	
0.9084357	-26.3986508	30.4664579	20.997951	20.6414167	9.2621893	28.3649293	15.8241577	22.6558837	16.3139555	13.8474186	19.3000209	3.3255453	9.3642168	9.528418	8.4013772	
0.6638888	-27.9818472	31.1382121	16.9179501	22.2417507	8.9599243	28.2500133	20.9445709	24.9168043	10.6595503	15.5181679	23.5269563	7.7390509	9.224793	8.9210339	7.6528162	
0.8142053	-18.9327231	26.1883308	20.9602431	24.1871018	13.1381435	28.1951723	27.0056846	22.2042951	12.3055456	11.9916051	29.1222697	13.7689286	9.7020689	8.2670227	9.0815108	
0.63537	-29.7990694	0.9507463	24.9522013	23.7765813	15.1217727	26.1941048	29.9788019	27.3938474	10.0178087	23.3391538	26.7827476	6.6867334	9.5614793	9.4339289	8.8546794	
0.78354	-28.2151172	26.4155781	17.0967151	26.8331511	10.6078558	27.905146	26.7440408	25.8179375	10.4261636	21.7840797	27.7715676	12.4871543	9.6735346	9.2344557	9.1167604	
0.8210247	-25.200733	26.2064609	20.4628598	25.4660138	14.128402	25.7752996	24.4108013	28.4600767	5.6603195	19.8414815	28.3526632	6.9145128	7.9170124	8.9533963	7.6864455	
0.4915563	-28.7632432	35.0041978	10.734967	23.6055661	6.0612677	27.2131478	26.5104958	29.5315204	11.8400331	14.7661066	27.5829199	10.6123388	7.4246093	6.8205402	7.4964359	
0.7772162	-30.6001285	37.7257477	24.4777856	27.2139675	9.0026556	29.2293827	29.5129761	29.5788864	11.0863234	13.6274299	28.6940295	9.0812841	9.6732091	8.80319	9.5610852	
0.7601998	-31.5001854	29.8930939	20.0846413	25.2887602	8.2462431	27.3572544	22.093975	23.7727758	6.3786329	14.0585446	29.3790483	18.0771237	7.6119661	7.8175065	6.0971199	
0.7597513	-30.6609888	29.1319854	16.5860976	24.7359741	6.9350403	27.2300614	19.6299583	23.0285498	7.9331733	14.1632905	28.9960799	21.9778807	7.0032877	8.0110458	5.2315919	
0.6279324	-31.7887558	29.2889813	22.5601328	26.2309823	9.427447	29.0780398	23.2892759	27.8568817	7.1497954	6.8558165	26.1034775	7.0234733	8.816704	8.9600818	5.0762461	
0.901833	-22.2031462	31.6359355	6.1881338	19.5124873	7.546756	26.598837	28.5615714	29.0354352	5.3515211	11.9821474	28.8469015	8.0848186	5.650849	9.9523584	8.3775513	
0.6332257	-29.2485287	24.8253213	30.8190824	27.936126	12.2045357	27.5999135	29.2973055	28.7586224	4.2007582	16.97973	29.4551864	6.0334823	9.2580532	9.5379652	9.3246706	
0.9957315	-31.6106405	30.1813797	27.84434	25.9452626	7.552323	28.2138871	27.6210019	28.780383	9.0746436	10.1819682	28.2287833	2.1779772	8.9874079	6.2580617	8.7099131	
0.9312399	-24.6067556	27.9520368	25.9534033	29.0185422	9.8416822	26.8743691	27.0754519	22.0479847	11.5090338	23.9157497	25.5012783	5.936944	8.8405332	9.2163939	7.6325953	
0.6110284	-39.4965048	27.7339872	25.6830823	25.8818913	11.2815319	27.5702193	27.4513874	27.6412883	9.2709194	11.385771	24.9938188	18.2899656	9.3062822	8.1757007	8.4170612	
0.3462663	-34.8259588	36.233629	29.5394755	24.9547198	9.7833117	28.1890325	26.0806141	28.0448203	6.8540735	7.3654764	26.3958425	8.9203229	8.4491507	5.5595272	7.4027373	
0.6850367	-32.6697856	34.6883381	31.6247503	25.1798939	11.6620295	27.9684247	25.4234209	26.4550294	2.5665381	4.0508988	27.0508813	5.9340191	8.121712	7.3543522	8.4246228	
0.7956157	-16.9120585	25.1915623	27.1948977	19.5486647	12.9335756	22.4650211	26.6053227	26.1427039	12.9297893	8.8991273	23.6819203	9.8812446	9.4001614	6.8989532	7.2769898	
0.7042163	-22.4335128	25.6053835	6.119516	18.2376002	10.4486051	27.4183911	16.7667193	26.0774072	14.1558081	21.8031371	18.0640062	12.790631	7.2459801	5.8770607	8.4362839	
0.4830474	-30.3062387	15.7407215	32.3866155	25.1575275	12.4122668	24.5121288	23.0856306	16.5990694	3.8354469	6.0522897	19.2484546	8.5026102	8.0629503	5.8694709	7.097639	
0.7399511	-30.9365867	27.5032625	24.9563308	26.6880952	7.4314703	27.1756074	23.610237	24.5171565	7.8135365	15.7532154	26.4742218	7.5733493	7.3550054	8.2226012	7.7594662	
0.9600591	21.960992	-7.9232421	18.6281713	18.9938692	24.0762877	11.7175182	27.9685601	2.7016658	3.0588925	27.727137	3.4633685	10.5702832	2.434552	0.7908542	7.8190153	
0.6834919	-30.7920739	29.9950238	25.7975259	24.9095874	8.9565084	27.5051257	26.2633082	26.5179982	7.6978063	12.505284	25.9636318	8.4223261	9.53502	7.4810951	8.585448	
0.5701791	-16.6107382	-22.8303985	28.8368253	28.7234575	16.3849645	26.7910425	25.1927787	16.6650977	18.3329687	29.259436	20.3640746	16.7696762	9.8922484	9.9882044	9.0508529	
0.2641777	-26.3405162	7.5822511	24.1097418	27.4399167	10.8502055	25.9488937	24.2135849	22.2607426	11.9443458	26.3047168	22.7891697	9.9196945	9.3387508	8.2695782	8.6778083	
0.1422059	-24.0632107	26.2262115	28.3351734	24.9612613	9.9376057	28.1895917	26.4767293	26.9481857	5.890862	9.7974079	24.3551504	6.5267258	8.1374513	7.5971092	7.7839707	
0.0720118	-14.4663963	23.0017597	29.7458134	23.9077787	5.2212203	29.9549664	24.0323961	28.1771437	1.483674	3.7190185	20.4583512	9.3176107	7.371022	6.4372442	7.4198598	
0.8740689	-21.7192091	27.2022717	26.5776357	25.6772834	11.0033984	28.6358285	26.997425	27.4285215	5.8243397	11.7434954	25.4060923	8.1111167	8.6685107	8.2322801	8.6307026	
0.7793254	-15.2744712	2.5116915	-17.3280211	25.0727154	5.03159	17.1167934	25.4972629	18.2456705	26.9704905	12.7515674	21.5673858	23.0695489	2.7543155	5.853384	2.2586378	
0.8699736	23.1274164	-12.8867855	-29.4885281	6.0464465	20.2235421	16.9624558	6.9734362	18.5374569	27.0390243	3.7083174	5.1517278	13.8808674	0.2553085	8.7532848	2.145549	
0.8347092	-34.3830463	23.419576	31.7887946	26.7002714	2.5919874	28.3646599	26.1937373	28.5476027	5.6286994	12.6322932	27.365322	4.0936834	9.9539095	8.5787354	8.0310551	
0.9089294	-23.5579975	37.8118091	4.207096	25.1215204	23.4613266	13.2816747	9.9642538	14.1172649	15.8720115	25.0831244	4.0511981	16.1346782	3.6935158	3.0372354	9.9264677	
0.5173091	-26.1501813	30.6549637	29.192004	27.1161642	4.2727635	29.8320213	29.687935	29.843816	12.357228	16.8153776	25.8521832	2.3373886	9.751112	9.6504755	8.3741995	
0.8757165	-12.2059231	36.6786487	15.6924862	27.8880854	4.2584787	28.7308448	29.362494	29.4299229	5.9518123	5.060062	28.8809153	1.6505694	9.8747279	9.6891139	9.9653388	
0.7317632	-34.1900456	31.9164642	37.1243355	27.6615473	3.522424	28.6696402	24.5688657	27.9361976	4.0422682	17.6325469	26.723025	6.9848468	9.1950649	7.8213295	7.4488491	
0.6570149	-32.8943846	31.9851705	35.8723552	28.3610999	21.6843997	29.2934886	27.6473029	28.6734754	12.0318477	20.0875993	26.1855064	8.1832151	9.7731696	8.9662134	8.9937595	
0.8072794	-17.5313464	22.8711448	13.8270568	27.2672742	11.3271173	26.2210758	21.5878572	23.0511202	8.4477299	7.4641274	23.6657347	8.8731184	9.9098056	9.5262349	9.1228408	
0.3840001	-29.7560654	26.9967637	26.6109989	23.8552968	5.4017694	27.6619786	22.1805962	27.6635948	8.4635768	10.7703858	27.1220301	3.3473119	8.0017851	7.6707696	5.5705035	
0.0010317	-30.1390338	26.6137953	26.2280305	23.4723284	5.018801	27.2790102	21.7976277	27.2806263	8.0806084	10.3874174	26.7390616	2.9643435	7.6188167	7.2878012	5.1875351	
0.4109213	-13.6581256	35.7097771	17.0970881	27.6504108	16.7033507	26.4441384	24.9048101	29.4761424	3.1576773	28.0580474	28.4622856	11.2381611	9.5468407	7.7097491	8.568597	
0.5379309	-28.9182147	38.1219503	20.2549922	26.6430318	10.2767075	24.6386938	25.8703323	26.454121	5.7434399	21.2603532	27.5650391	8.5760443	8.3262495	8.0612648	8.2081038	
0.9817186	-34.5924426	38.2482453	3.4114512	22.8140732	13.2518458	26.6461834	29.696535	20.9488455	7.1499243	26.1320607	28.8889544	24.260811	9.5328117	7.8605081	9.499234	
0.8348963	-34.1716887	36.3876813	30.2911089	22.4012984	9.8725323	26.6999148	24.931312	26.0425521	5.6675457	7.8559106	15.8312406	17.7258309	7.9035062	8.0417521	7.6840023	
0.5274065	-18.7727469	23.0856264	25.1397365	25.2713982	22.360418	23.1157194	26.6277836	23.0373291	24.4599913	9.007722	26.1733784	27.0612416	7.6417023	7.5045686	4.8240917	
0.6523203	-29.6386998	30.4533627	29.1355336	26.5893229	9.7868204	28.5684877	28.299827	29.7021201	10.1145743	9.9603508	25.6059164	16.9385727	9.6479647	9.5972922	9.3016555	
0.7871707	-23.5227906	35.8166956	32.71362	25.4970928	14.2595111	26.6114957	24.2338438	23.0550816	4.855816	4.676383	27.3432026	18.3809081	9.4381353	7.7196177	9.3072668	
0.6924451	-31.0586826	33.1094267	32.9055638	27.4001344	5.577007	29.0735972	21.7808301	27.7233508	14.742989	8.4828722	24.0282577	9.10115	9.6611793	8.7405559	8.754329	
0.0655149	-27.7599245	35.6436395	35.6501067	23.4270693	24.3095011	26.7455243	26.1096886	24.2700952	5.962457	22.0594812	23.7341032	0.7467371	8.4510688	7.8476585	6.6882664	
0.2709334	-28.9861761	35.5363935	36.0973435	25.9294636	15.8664767	26.7957545	25.8789668	24.9117324	7.0891665	15.4232886	24.3955272	5.2357951	8.2564917	7.8405828	6.4272793	
0.7097054	-32.0460102	31.6526068	37.4644187	26.7091625	10.7352615	29.9765335	27.537688	26.5016168	5.3567266	10.6462385	29.8784983	3.745387	8.8392987	9.617486	6.7108719	
0.7623505	-30.3622672	29.961608	25.7108301	26.2154954	9.8038643	27.1661052	26.9210741	26.9901934	7.7643884	14.0696095	28.3193261	6.1515903	8.6541151	9.1028938	8.4408921	
0.8099343	-0.9157189	30.5675874	30.9245543	18.235211	20.1390666	14.2306247	19.4649722	20.4415954	13.605755	20.9254429	29.0038879	2.0728462	7.9633624	5.4847119	8.0221571	
0.7484075	-25.3923994	7.7250153	7.3804733	28.3093657	6.7141313	29.0672573	25.6566345	28.2510526	21.129892	29.1315164	28.8323353	2.5146983	9.6189675	9.2503238	7.658557	
0.6734951	-30.0726552	-11.5214761	-5.8038362	28.2668967	23.2245358	27.6080643	29.0766774	24.9867123	18.1260696	1.5024779	29.6799453	6.0408463	6.7635446	9.1177694	5.9773406	
0.9064624	-37.2284909	39.3640161	26.8584574	15.2869105	9.4858831	29.6505421	22.3126655	28.9821516	1.6502237	2.2682438	29.6090754	3.7927235	8.2041736	8.38919	9.6975622	
0.8754494	-16.7890448	-4.2421162	3.2725168	13.2885999	16.3056259	10.6102473	19.6061239	19.361657	15.924161	11.0415801	9.1800698	18.351696	9.6817	2.88527	5.5941387	
0.8479912	-35.6476065	34.8428212	36.6102457	23.8695907	4.2719716	17.6329504	29.870204	20.6266442	4.049832	15.4273516	28.4464226	7.2488483	9.6823877	9.8549708	9.8250179	
0.112371	-39.6214589	31.4941544	33.7411568	21.1770234	3.2997851	23.7507207	28.591935	22.2464566	8.2397282	17.4882822	22.9323163	13.8154324	9.8556131	8.1874683	7.9943081	
0.8218227	-10.0442102	19.2452492	1.9236028	25.4970909	4.4630069	20.3568595	16.2708615	20.6615941	8.0482229	14.2435326	23.7793146	2.9875116	9.1073734	8.9312178	9.4404252	
0.6330773	-28.0456366	11.4957484	13.4279285	16.0989856	10.1381949	29.1607635	20.2979909	23.7417635	22.0094353	0.7809064	15.5022686	12.5578476	4.2021663	8.1716217	8.7772987	
0.115226	-28.9519682	27.3138494	28.9761647	23.7110478	14.6687627	27.4629359	24.5513755	25.5828578	7.5708353	8.8463282	26.6276382	3.5717998	8.2680867	8.8374634	3.9010754	
0.6176302	23.9851517	-26.2986506	-2.8871611	23.2447425	5.3776851	4.9935777	29.4505761	8.6443351	27.1614018	7.3014321	5.0091663	17.5917828	8.3826398	7.2604958	2.4257411	
0.7966283	-37.8853809	37.2686329	39.6509943	27.72558	2.7636497	26.4062505	29.6806579	29.1224664	5.649688	8.9531045	29.3970011	19.7301006	9.768189	8.5894057	9.4849533	
0.9705399	-36.0764797	39.8876052	39.9333027	23.4609718	3.164317	29.7827512	29.6009088	29.6357021	1.4528254	6.2484494	29.772607	7.4079261	9.9378785	2.9718222	9.7048311	
0.699658	-34.8533059	10.5856004	33.3187045	26.8158042	4.6681864	29.9948973	29.8103531	29.9464595	13.9489237	5.4800293	19.3801789	10.1313717	9.6371941	8.5426627	9.7502125	
0.43562	-34.3080884	35.930824	34.1665145	27.023681	7.6583448	29.8720995	28.3621011	29.9950752	7.9570725	2.5498501	29.7347469	21.9537532	9.648862	9.0834367	8.6110565	
0.5482042	-38.8184624	35.3060272	39.1299967	29.0592723	20.31148	29.6692775	29.101466	29.6916904	14.3467439	2.5269751	29.2213052	2.6012454	6.9955938	9.2242756	8.3558842	
0.1481296	-34.4582294	29.2391853	29.5521471	26.0519678	15.4791099	29.1017153	29.646969	29.2716954	10.3853978	10.1830114	28.7167007	2.7581315	7.6515674	7.3266942	7.7221577	
0.7556826	-32.9333334	36.0022495	15.8111428	17.6181574	7.0176946	29.6629313	13.2125273	27.7897278	4.8841022	8.4620313	28.8001555	7.6446682	8.5189864	9.741081	9.8410366	
0.7017772	-28.235684	27.0665251	23.5219245	24.2038819	10.3827985	27.2852229	25.4649456	26.5311307	8.3429839	13.5522062	26.7526948	10.5153756	9.3338807	8.8951775	8.4404697	
0.7219596	-29.9380478	25.6118624	31.8434966	22.294324	10.6772246	22.0762862	23.9907814	25.307519	9.3227023	19.3708697	24.2057313	4.0286894	8.5879081	9.271741	8.9234263	
0.6254372	-27.7367431	38.9633784	6.8516393	26.4847368	8.6706042	29.7091732	29.634181	29.6905461	12.2930484	4.4838626	29.7136222	12.9840388	9.5084781	9.8892304	9.6496831	
0.6438832	-28.7523171	33.4610208	20.2335126	22.6453251	12.0888232	26.0399537	27.6121362	25.1214538	5.6109336	18.5541629	28.169708	8.48061	6.8623239	6.0976454	5.1427874	
0.6491299	-24.9915609	26.8143586	26.3111199	26.3114688	11.5725721	27.9701211	26.2677443	27.0350332	8.1952105	18.7636565	26.3837344	9.3826051	8.748046	8.9660366	8.6945572	
0.3334225	-25.0664956	30.4027042	20.5535024	26.2920323	11.485226	26.3367616	25.1797583	27.0983261	6.646679	20.2633447	26.4376809	8.7349036	8.0247022	8.216043	7.105597	
0.7964102	-39.0474344	35.8771857	14.6667657	29.8228753	13.9220776	28.3785151	29.9837345	27.9835188	7.9222433	4.4259325	28.7079296	3.3268426	9.7139427	9.9687945	8.6584755	
0.1095193	-34.7630961	35.1919609	19.1626796	25.2743796	2.2900939	25.2971363	25.0492588	25.5475918	2.9256795	14.0480358	27.732931	3.1908172	5.0983542	7.3905752	5.1488741	
0.8153002	-31.0023682	25.2093612	13.6257855	23.3021746	9.6053937	25.6304305	26.8529207	24.3287891	6.6125756	12.8110997	25.0634414	7.5889284	8.2884999	8.8194155	8.4120225	
0.5780636	-35.281957	33.4531779	33.6498291	22.7836855	8.9571686	25.8400709	27.6336957	23.5564793	3.3266758	8.8385251	19.3573311	12.6545097	6.9503308	6.2426451	9.8399418	
0.8106445	-24.6907442	33.0270114	21.3766211	20.7129435	8.3654179	24.5123267	21.2102815	26.8398606	12.741016	9.9758628	18.319501	10.0907567	8.5824515	6.3712967	7.415336	
0.9413848	-33.0145615	30.5258937	32.2595746	29.7189458	4.1436244	28.3658773	29.7631797	28.382052	10.9510278	29.9547973	27.8894361	1.9803439	9.5751111	9.3365855	9.4558988	
0.6208331	-29.1280098	26.5886909	17.5253853	24.7334988	27.0123582	25.1261062	25.2397455	29.6730714	5.7322638	22.5291266	25.2317452	15.2095919	9.4529287	9.8945074	7.4594733	
0.4190847	-29.6819187	29.9202983	37.6300908	24.7127254	12.9024214	23.8697873	25.8396811	24.0632686	2.463649	10.9144157	28.3517397	1.3359395	8.2344751	8.9830196	6.9148735	
0.6246008	-32.9096643	34.2335899	30.2702352	23.3541913	4.1488345	26.3142574	27.982943	28.9395964	5.0320985	20.1779143	28.2139524	2.7457734	8.7147389	9.681927	8.8883781	
0.7730848	-24.6985955	25.8440981	9.2886678	19.7362057	8.0919788	29.7784997	22.8291763	28.550006	14.1829391	20.4260225	29.7838974	16.8074869	9.7794771	9.4251343	9.6308424	
0.7796874	-24.5771276	25.7680719	8.7600653	19.6433875	8.0022581	29.8887045	22.7730267	28.6336892	14.4015183	20.6783834	29.929098	17.0176964	9.8082933	9.4333803	9.6633422	
0.9559661	-32.6294208	19.5223421	11.8230949	21.0639081	8.9324933	27.1936139	25.1946856	23.6235716	12.0781245	14.0252439	26.1135074	8.9577441	8.6948977	9.769719	8.1826605	
0.3925218	-39.9368452	39.1162162	15.3792324	25.8559845	12.3009784	26.0673628	29.1345595	28.2157698	9.150648	8.4601593	29.2875042	1.4820514	8.0472198	7.9523765	9.2553008	
0.9607977	-31.6189366	33.835752	34.049751	25.4816369	10.4570274	27.9312163	28.0221882	26.3609313	3.7095045	9.19216	24.1092466	8.245442	8.6870328	8.1575314	9.1424905	
0.2573395	-36.290531	35.3673751	19.6389504	25.467133	8.7533406	26.1142872	26.6436798	27.2808721	7.3457525	10.8734342	28.0394176	3.47389	7.4854008	7.7970263	7.9823267	
0.6395394	-27.2258088	39.5033176	37.1618606	27.0705911	6.5310519	26.8237507	25.5963308	25.6521777	2.2414822	8.5976723	27.0603911	2.9415182	8.080857	7.3996337	8.1665203	
0.8596895	-26.0548558	27.1229416	28.0933756	22.5055283	2.9548885	18.8557068	25.1912561	28.2774659	12.8541809	13.613524	21.8242361	6.8924957	8.5379277	8.4739787	7.0922707	
0.8191797	-29.5303631	34.9848679	27.0361668	25.4018833	14.4058793	27.9431503	27.8839035	26.9650096	7.3710569	9.7723505	28.4398955	12.078378	9.6706131	9.267907	9.6360806	
0.7876019	-23.0480572	22.8357376	12.1196902	25.3207812	6.6115219	25.5751062	26.9448261	26.3859702	9.6705085	17.6599157	25.7454076	18.3039479	8.7021778	6.2697928	7.5039695	
0.9695141	-28.6296595	26.2646615	32.2251989	21.5785234	15.2566998	21.3601783	20.7129844	24.5321116	2.7443189	22.4353249	15.1769488	6.8893299	7.9183466	7.0432706	9.1856299	
0.6707687	-27.0553237	31.4000885	26.9184229	24.955396	10.8610248	27.1547047	25.0299529	20.3244048	8.3875919	7.0756125	24.359811	5.7537086	8.1543822	7.7863216	7.4818608	
0.9540754	-37.4946754	39.784336	39.8048186	25.426172	4.0079324	29.9352929	27.3911441	29.9287541	3.1442286	3.68449	29.6889544	2.3226392	9.9211774	1.1564558	9.835857	
0.699542	-27.549693	29.8298642	15.4837879	24.3350191	4.2525616	29.8881315	29.9809544	29.9059128	6.4221738	4.1593959	29.636942	4.3158032	8.3219561	7.7554529	9.9597856	
0.6710815	-2.6698534	16.2659336	27.7748525	29.2660197	15.6469699	28.512336	27.7768302	28.371956	8.0585367	22.5762664	26.6619302	3.8960206	9.6750157	9.690525	9.9651095	
0.7266942	-7.8816974	13.4309149	31.8352582	20.0525854	11.9250231	21.3780645	24.2545795	25.5912279	10.1326785	9.1359199	28.1810262	10.371185	9.8159707	6.8134362	7.3147129	
0.3933084	-37.5176795	36.5518708	37.5877809	28.6716033	0.2534719	29.1821897	29.0386446	29.5142332	2.2029604	29.7725619	29.3741919	0.8737665	9.3839172	9.0010629	9.8192776	
0.4928697	-34.9758081	35.2771868	36.625667	27.3580774	4.5001773	29.1967891	28.3178964	27.8950942	2.8717153	23.4843205	28.7371056	2.7032245	8.9497896	8.6539503	9.0804483	
0.7580826	30.3954853	2.4424725	-28.9637559	7.6275005	5.6109282	28.5849456	13.0882752	13.4676137	11.0324493	27.0519066	1.4281573	15.5030619	2.2526783	2.9690412	8.8139072	
0.6878059	-23.3965393	23.4084044	18.059311	26.2430472	16.0647347	27.4610995	23.4268182	29.3816574	11.7606827	16.2722187	22.8659785	8.878946	7.8038541	7.0222067	7.4711053	
0.9002779	-23.9307359	28.993208	15.2695304	27.6944787	2.4584888	21.0941098	21.053372	23.3088136	4.2863232	26.7290518	24.4100275	10.0530591	8.2582653	7.318986	9.3632881	
0.5581955	-18.8737453	-0.3587021	19.0708719	20.5817016	15.0517635	26.1365734	23.236222	16.4289363	28.4922819	2.0436053	22.2965913	18.0797914	7.9846249	4.3654223	4.7071718	
0.9857023	0.2160395	38.8762399	-37.152227	29.6189506	0.8679778	29.9672747	29.8890827	29.9219449	1.2350606	2.1419742	29.877023	6.5127995	9.9900868	9.9508403	9.6535266	
0.6510802	-37.8845595	34.1623411	38.2941565	24.8681112	14.2990881	28.9008317	28.7324274	28.3933085	8.0960225	14.1110442	26.3411416	8.2376082	7.8798205	6.715056	6.5009557	
0.7128943	-20.4412561	29.8223103	13.0797856	10.5586128	9.4987998	10.7980627	12.8419554	7.5608696	10.330181	22.6464905	9.080377	5.406532	4.444001	8.6165293	7.3478261	
0.7500141	-28.8538416	32.0486115	21.954997	21.5044144	2.7595071	28.4223166	25.7496837	29.1117458	4.9940338	5.8739427	28.5015501	5.9708358	7.9124157	5.6554302	9.1340421	
0.7128983	-31.5871444	29.3005345	15.3526367	26.0965925	6.8608049	27.0350261	22.6030124	26.1776756	5.9798689	11.295165	23.4092152	6.8969739	8.0483609	7.9681884	6.930983	
0.8968418	-29.4981262	32.6724888	15.6677436	26.4895135	8.3557704	28.260725	25.1368791	27.5191435	6.6570736	10.0941389	25.6502305	7.2152108	8.8309817	9.1569725	8.2787707	
0.9453525	-32.608258	30.6306872	38.4117599	29.9059895	7.5581985	27.3527049	15.2120562	19.8147682	3.2611702	2.4759461	27.6415448	2.1102085	9.1770474	9.8440713	8.4602105	
0.6644693	-29.2073435	32.1080746	31.9242866	27.3130413	9.2510286	27.3712927	22.3582566	21.7286512	4.8787757	4.9655232	26.0885696	4.8764278	8.6320505	8.7096068	7.7065872	
0.9917983	-32.1341821	22.7241813	13.7540484	23.1845276	9.7250159	26.5947206	24.7977142	24.8295596	7.6276749	12.9785148	25.3672641	6.4284803	8.2374345	7.1649126	8.0589887	
0.9557735	-14.3538972	23.3186184	39.9238835	25.6312174	3.9831131	29.9869318	29.638519	29.6738437	21.0685011	11.7234246	28.3748919	4.8146999	9.9239397	8.2107871	9.8874242	
0.5288657	-32.8131213	20.1941969	14.9807175	22.7154611	8.0109701	29.4100173	27.2496955	27.5877803	14.0207827	9.3980494	24.1357709	6.9890254	9.7542876	8.3334335	6.1178348	
0.6622934	-20.8323984	-0.6809431	32.1445123	23.595458	16.1018168	29.9045793	27.6329636	29.7368771	25.5408755	15.3001791	28.745853	9.7671962	9.9389718	8.1344186	6.0715701	
0.8284372	-17.5662783	39.1785212	36.936616	14.8289907	2.3445682	19.9801336	25.4987765	20.3187351	6.9453184	4.9757471	28.0656493	2.4365952	8.4877784	8.8008776	8.428332	
0.719948	-28.2110768	31.3646315	27.0734167	23.6074291	7.7105228	26.1093265	24.9795715	25.3353521	7.8947275	11.4681708	26.0965859	8.2776705	8.8733903	6.9950139	8.0210206	
0.6207966	-32.8424545	10.606625	35.4472187	27.4784779	6.8790714	28.4560463	28.8223775	25.7397317	13.0412813	7.98069	19.7061048	8.6547561	9.5284844	8.7066227	8.2777067	
0.1847767	-28.981762	30.7449924	25.6817859	19.1522965	7.5409238	20.4025276	16.9250982	12.4829233	6.1110968	5.2406554	28.3745963	2.3433419	9.2089902	8.4469733	4.6269379	
0.4797187	-29.835094	31.1279608	20.5469276	24.2536765	1.6054038	22.650006	29.5789834	12.5598414	4.4880026	8.5593003	27.0038885	8.8353367	9.3369115	8.6521684	3.4575127	
0.8229254	-26.1086047	28.1014345	32.6532072	26.6916347	23.4159346	28.1634072	29.0547168	29.8141528	14.3560069	18.7135317	29.9209688	19.0264636	9.641084	9.6558376	8.8659932	
0.6582774	-24.1024558	34.9968221	20.5808072	24.4599855	13.4677418	27.3358238	24.277193	26.6067236	12.1271105	5.5153474	20.5269284	16.5031561	9.8823738	9.4555522	8.1175781	
0.8970658	-20.0568028	34.0259298	19.9564091	24.5703171	14.4606954	27.735901	28.6325853	29.7703836	4.9698466	15.1902494	25.2807157	11.7649884	9.716812	7.7958306	4.8264062	
0.430981	-26.4239492	19.9044321	23.4849617	23.4661715	9.6789529	26.2700537	27.6002729	25.157663	9.7258779	17.497377	15.2571501	13.2090374	8.7704499	8.6497682	7.2549073	
0.6740184	-22.589128	17.8632707	17.8185418	23.0673656	3.1021864	26.7563162	27.7757427	26.069406	9.3581492	16.6835876	11.6112809	13.8240152	9.1963579	8.690349	7.2909212	
0.7324162	-33.3653071	30.3523141	27.5654284	26.8810311	12.5591501	29.4573704	27.7212646	28.0883441	9.8766109	26.2838716	25.6733264	4.9871231	9.3245744	9.2536997	9.8204361	
0.8648467	-35.5049189	32.4104553	26.3453309	26.430315	10.8055967	27.4389492	27.3092995	24.3874006	1.3178957	13.7165069	26.1334998	8.989906	8.315887	6.9676899	7.2592712	
0.7604074	-34.8043472	32.0464309	26.9322156	24.1806794	10.2961731	27.5678255	25.4668998	25.4673649	2.8460403	11.7392255	24.2524378	5.4145029	8.3517429	6.7777529	8.2660127	
0.5160412	-36.0538638	14.2948099	38.6602628	28.2959426	5.7872408	29.272563	28.6213328	28.9714923	6.3646955	29.7648191	29.7370895	6.9684427	9.4046976	9.4968464	9.0786026	
0.9420561	-28.6918446	22.9115986	22.7604205	24.4489308	11.0244597	27.0749105	25.3071631	27.6837778	10.7547854	9.5395702	24.7888388	6.9039849	8.9107551	8.773974	6.0129737	
0.7506685	-36.1097293	36.7268119	35.3700635	27.1825381	14.2993705	29.2581726	28.6353375	26.7660555	3.0913329	29.3314201	21.5115769	1.6775523	8.7684075	9.2768515	9.2103123	
0.6538769	-28.5950411	33.3226552	21.6967492	24.716136	6.3508361	27.194211	26.8943199	25.9565606	3.9238246	17.55776	26.0515387	2.7216221	7.3105857	7.4663661	5.9482644	
0.7641619	-32.5418797	38.2858397	32.6812767	29.6311651	8.2024442	27.3972161	29.3910232	27.5112905	15.7427026	8.0719235	13.0099534	4.4947971	9.8385019	9.255353	3.9643997	
0.2983476	-33.8868105	34.4918761	28.5748957	27.1144119	12.5882097	26.1917655	26.9325279	26.7453537	2.5374381	9.058929	18.9918165	4.1914119	7.8488387	9.9618453	6.2159618	
0.8090429	-28.3195044	28.5356174	11.8338001	25.8457907	14.461578	25.2086827	21.1477252	22.8773067	5.1982644	13.6694232	20.264771	7.3614157	9.6230947	8.8879476	8.7225568	
0.1029042	-37.7025844	28.7538184	28.2817153	25.4198884	6.6945254	26.2081203	26.6497075	28.6784147	12.9822633	1.2168042	26.4245074	0.2733559	9.7105116	4.6406947	8.0102154	
0.9073684	-35.3247276	32.8397013	37.8591026	28.402613	8.8409869	29.026594	28.5844318	28.4124597	7.9219527	23.9135199	28.8949621	2.9227739	9.590869	9.5408225	9.4865731	
0.7147687	-34.771518	33.3727032	35.6925478	28.3601177	12.6344528	29.4072105	26.3142552	26.8138504	9.0958711	26.1342768	28.0314925	2.918005	8.7191482	9.194893	8.9729463	
0.0291606	-37.8613442	31.2418184	30.9989714	26.3414844	13.0207951	27.9184883	24.0288259	27.4519913	14.3407412	5.5316107	25.3485442	14.8136625	9.8313393	8.8847622	8.3604768	
0.8606707	-34.7240406	38.4470448	39.7440045	27.3086265	18.6033254	29.7737636	29.6377202	28.601826	3.6725142	27.4029156	22.4545729	2.3351101	9.849087	9.8060608	9.6370117	
0.8639632	-21.1440854	33.0462362	37.1410397	27.4146383	19.510438	25.4882255	28.4539569	29.1194164	10.4745695	10.5440852	28.900376	20.7858978	9.2207003	8.9824816	8.5514375	
0.9153831	-25.490396	-24.4933579	32.1197637	29.8035347	9.8835394	25.8486699	24.544086	22.3009402	14.8367717	27.8885772	26.6854623	18.2515173	9.8216462	9.7084235	9.7138667	
0.9227189	-31.4053622	23.1692749	27.3317906	25.8250755	5.7236577	28.7208913	23.2001002	25.2250137	8.5258359	18.1482241	27.4359462	8.667758	8.6004529	7.1063808	7.7562721	
0.7134952	-33.4026904	27.8357912	14.1819183	22.2426694	5.6766426	25.217281	24.5152956	25.423306	6.06617	14.2701113	26.7429004	2.3327962	6.9605338	6.80304	7.112473	
0.223914	-34.8722727	21.4521358	-7.875863	19.720631	1.5324391	23.0231225	19.4678126	22.2966369	2.3222422	3.439123	25.0426982	3.8130918	5.6022975	4.7764153	5.9249681	
0.9474666	-38.5172207	39.1801157	32.9126524	29.9443643	5.5601681	29.9087303	29.8582187	29.8872752	1.7476491	18.3110069	29.8572178	0.9239782	9.6674109	9.8423135	9.9431234	
0.1308093	-2.9227247	33.3874636	-1.9703934	8.8931879	3.6139691	27.1678346	13.7034971	26.094151	5.3358993	20.5497205	20.4798133	2.485031	6.5284145	5.3757509	5.1418987	
0.0804703	-26.5793294	21.2026149	20.4365726	23.5515962	12.7682732	28.7908448	20.4556932	24.6991934	11.4202013	7.3924077	24.1751302	6.8665277	7.6690603	7.5887882	4.5734068	
0.221345	-37.0761537	38.5536262	36.7286655	27.930266	7.7589497	28.3492923	28.1565807	28.3439742	11.2293071	4.9888175	26.6033118	8.6322502	8.7544347	8.7076624	8.6814566	
0.3676569	-39.1471741	30.9204554	28.5678117	24.0693162	7.6013184	25.6499491	22.705882	26.2541299	6.8849477	11.5875426	27.7909189	10.7740719	7.2878846	6.5920003	3.2902367	
0.6757771	-33.3189491	36.8471625	31.840635	28.1274966	9.1609351	28.6920803	26.8444333	29.0183608	10.4767644	11.0526859	25.5234465	5.0543091	9.2799828	9.3928206	8.6502451	
0.3002662	-37.0602347	29.6701428	37.2862346	29.0417514	1.940235	27.804549	24.4917096	27.3672354	1.0341105	20.9438341	29.2067264	0.0835204	8.2771381	8.5239267	8.1402992	
0.660175	-33.0283452	33.2895817	33.2698113	28.5319861	8.3603358	29.0272551	25.8251208	28.2707522	4.5720521	20.4710795	25.0898508	4.4518171	9.3985337	9.4785748	7.405145	
0.7643248	-23.6740218	18.7480108	24.3778923	25.9446174	16.0198698	24.3549277	25.4583812	22.8515591	12.1024883	12.6785598	21.5062305	5.86781	8.4470212	8.9880641	7.2286577	
0.6933232	-32.6114618	29.7341763	26.6472956	24.9731588	9.4351054	26.4070831	24.7767979	26.2305107	7.3872815	16.1687758	26.9719142	5.2288973	7.506543	6.9114942	5.4929369	
0.3102879	-32.7705003	15.8360179	12.9446476	26.9193182	11.6466686	25.4825806	29.48869	25.9877511	3.4035679	23.9649912	23.792754	10.389104	6.4587495	7.890207	5.3718152	
0.9126065	-7.2252504	14.6674304	3.9340402	8.9079642	20.7162895	22.7825554	26.7833224	23.7705875	16.3360397	18.3246323	9.1740756	3.275139	9.8420033	8.409518	4.3801153	
0.6395238	-28.4945701	-7.304879	27.7127331	22.3436563	12.7792901	24.6001782	25.8976856	25.9028349	1.2440471	21.8656846	15.71583	12.6650896	3.4342468	8.3102777	8.3346423	
0.29662	-32.3548606	36.942608	23.3946394	25.489689	8.2959708	27.1371029	26.3785251	26.7827845	1.2734242	26.6730443	20.7533301	12.9300245	9.6151464	8.8052688	4.7393076	
0.6121217	-26.7726579	29.2436398	26.7033505	27.0384596	12.1626949	28.4628153	26.179588	26.936394	7.3014465	19.3575002	26.2728585	9.6177233	8.8871174	8.8436096	8.6544963	
0.7501139	-20.779084	37.7829525	25.6712293	24.5376359	9.6294338	24.5535814	21.1101907	24.2356527	4.8653264	11.058307	22.3896154	14.4378051	8.629768	8.5211114	8.0374381	
0.6735264	-21.0159556	29.2140286	30.8624852	25.6848376	3.3649424	25.6795902	22.1660429	26.0097645	6.9994266	7.8109668	23.5522043	7.1497448	8.9735528	8.2181234	7.5779363	
0.1425615	-30.2509675	33.4486755	23.6254996	28.5468744	4.5633529	27.8421118	27.3620733	27.6021225	0.3325613	20.1204389	28.1609776	2.6114661	9.5032639	7.4428711	7.1828509	
0.6329465	-38.5933739	37.0829545	38.1276404	29.6486273	0.8300282	27.8667245	25.9558488	28.0106245	2.801982	5.7202462	29.6418952	13.262861	9.508694	6.9409228	8.9344088	
0.5978889	19.1486954	0.8081186	6.7609445	21.2406397	28.1978959	7.6507841	15.698503	19.259927	24.3217785	24.0590988	5.4808719	7.2423512	7.8734686	8.6712439	6.9307044	
0.8807163	-35.0764912	37.7976166	33.762126	28.0797973	12.4722828	29.8180974	28.5398274	28.9772985	10.3515686	20.9074344	29.7078237	4.6175682	9.8857806	9.7348569	9.6812729	
0.8113097	-32.1427973	29.9887983	28.3641614	25.4530202	9.0948888	28.339227	26.4651699	27.4992338	6.9835164	14.9096404	27.6726393	5.9739879	8.8511497	8.0760029	8.0905704	
0.762971	-13.6344561	34.5536798	8.4839038	9.3000766	13.589054	16.6809866	17.6382736	28.5065517	23.2620753	20.6226281	17.5362195	8.697504	9.2687519	3.6368015	8.0796485	
0.5786129	-36.3194196	37.2206829	12.7908279	14.1675916	1.3337385	29.910577	12.333387	24.3469904	1.3012083	2.0733026	23.8297657	5.7469055	7.2078033	7.1324326	8.5473421	
0.8561999	-19.5629035	25.2298749	12.6323951	27.9645993	1.9400916	24.029023	21.7814191	23.8244192	9.2007029	22.6834384	26.106848	1.1546723	9.6351295	9.6851931	9.9500455	
0.9490588	-18.5918895	24.5671282	14.5016202	25.1859353	9.6353144	26.2125406	23.002837	25.9429485	9.3203742	5.8182951	25.3229862	7.6444493	9.6467868	8.8919434	8.9855124	
0.8620748	-17.3456644	-14.5550752	-26.5457889	14.8368879	15.7864716	17.8516288	15.384308	17.3183296	9.4911597	2.8700397	2.9969524	19.9204943	7.2067258	9.953221	1.2531809	
0.9626538	-23.7728796	23.9327466	14.8064575	27.8310366	7.6724566	27.0776141	25.8992195	29.4253192	13.181997	23.8475386	25.3509919	7.8359225	8.8667719	9.4056948	6.0175493	
0.7924324	-33.7420217	32.0875069	22.8096989	24.2033637	8.606338	25.5346412	25.167909	29.1964149	9.3797731	23.8420601	23.9063976	0.9273472	7.4105115	7.7665796	7.3897623	
0.3536157	-36.3131142	37.1567302	24.858073	27.8232693	10.5132087	25.0207881	28.30888	28.7912311	3.8728839	10.1468506	28.7029333	0.4577036	7.5417605	8.544411	8.614575	
0.8234678	-34.5803928	37.7846595	36.2508838	29.1799353	4.8831102	29.6226488	29.5023942	29.4052156	2.2751152	24.7611949	29.889758	2.9686551	9.5706708	9.7067353	9.7385448	
0.6927625	-30.6756947	27.2057526	29.5728942	27.972114	8.0165139	28.4925313	21.4715954	26.3946963	5.0992139	22.7352619	26.367855	10.2227843	6.5972273	9.8871162	9.3067505	
0.2569522	-34.4613279	35.5189771	26.2558293	24.0517539	2.53331	26.5395732	25.6020455	26.2004812	5.0411984	16.6117828	27.3243766	7.229535	7.0793082	8.6572857	7.4805836	
0.8178021	-34.7303715	37.3612218	34.1384822	29.566713	7.6591393	29.6290658	26.9855705	29.5805842	7.1354198	16.6841181	24.1831677	5.9394925	9.6497881	9.8378315	7.6331335	
0.6739605	-37.8162223	31.1284118	35.6501768	26.0583774	3.1622572	29.8096924	29.4990032	29.6272591	2.0849206	25.7386175	29.9979396	5.8107037	9.1026429	9.6326656	9.5801707	
0.1178075	-38.8335709	38.5737008	33.9098393	26.1515907	0.2161049	27.6029958	23.4792678	19.5704099	0.2011805	3.3792292	25.8160021	27.6472276	8.5818911	8.6001944	8.0932642	
0.574971	36.2776916	38.4799906	3.6838429	18.0294069	21.572476	9.3576652	2.211482	21.537423	10.5687273	21.223069	4.592026	18.8589424	6.9968832	3.9256525	3.0884994	
0.6612895	-36.6601457	28.4146609	33.6472902	28.5855921	7.7968098	29.7881809	29.6353811	29.667351	6.3708369	27.5787573	29.7676707	4.8420347	9.7299715	9.1693382	9.6973292	
0.7588845	-32.0597948	23.8842828	30.2517994	28.6675886	4.1187773	29.3576444	24.784573	25.5859553	3.0007414	28.7073434	25.4477352	5.0274459	9.6673972	9.1941595	9.6946762	
0.5213685	-38.7470981	38.0469441	38.6167865	29.662749	1.1253449	29.1274911	29.3396977	28.062623	1.8864645	2.2625634	29.6275061	0.8206206	9.7591304	9.2393357	8.1045025	
0.22715	-29.3408637	30.9884056	36.7172948	22.7426553	7.5614777	24.9892138	27.1262189	23.0186291	3.2502365	19.0639266	23.1213024	12.7419334	7.2644371	5.690135	3.3326898	
0.6413946	-35.3388176	38.3257701	38.596938	29.886997	0.4413859	28.7465415	29.8846409	28.7848139	1.8456122	0.4469333	29.7730995	16.468674	9.5998269	9.6507655	9.7776074	
0.7399648	-32.4066034	35.2347056	39.7711256	29.8632334	4.8047434	29.4614629	29.4165028	29.0668629	6.8888588	1.5996164	28.9261678	17.0916743	9.0368361	9.3210439	9.7752111	
0.771121	-9.3293178	24.8970617	23.2780554	24.3653727	3.3437448	15.6392567	14.2615586	27.269085	15.4510074	16.3475513	20.2655894	12.5021263	5.9389588	6.4663437	6.7155449	
0.9268588	-27.0556645	39.857534	33.3517119	28.4627218	6.9254161	29.9360355	28.1195316	29.7857099	3.9213106	23.6299126	26.5743586	3.1219893	9.9125071	9.8398196	9.7803281	
0.2521188	-26.5451792	34.7702533	20.5040546	25.1138617	12.4218824	25.5450175	22.0929059	27.8452033	7.2593184	3.9446686	21.7296866	1.6128509	7.1125797	7.2310953	7.0336898	
0.2925498	-33.2544318	35.5677081	29.7824075	27.0154713	9.1101665	27.6635411	25.6401531	28.1286281	9.222632	10.6831039	24.5602268	3.878964	8.3390291	8.4077496	7.8295297	
0.736047	-31.6252081	39.9336044	15.1843961	29.8376726	0.308554	29.1965922	29.0275622	29.652186	5.7059858	1.262616	27.3972852	16.797582	9.6128818	2.7089555	8.8130928	
0.6360754	-31.2645828	37.558669	24.0783366	27.4924938	6.5611182	29.6546499	29.1092258	28.3849628	10.5016023	7.015359	27.169518	11.4368297	9.8732496	6.8425119	8.7316998	
0.387577	-33.6712428	34.9283462	26.7328033	24.9307169	16.2470045	27.0073122	28.1535733	27.7646056	7.6018972	10.8109689	25.3094146	1.7109244	8.7102156	7.7084856	7.1142022	
0.3056054	-33.3452919	32.2162354	25.3045928	24.2795296	17.1457823	26.5723851	27.9305552	27.5507382	7.6672716	12.5279864	24.546149	0.1155076	8.4310757	8.0175478	6.8212088	
0.3168019	4.0028974	-5.5048074	-22.1449764	7.8016334	16.7011533	8.151625	10.2805127	23.9240052	0.9961534	6.7179665	23.0973431	23.8248441	5.7049247	8.706253	7.0269183	
0.7181101	-33.6737932	32.6333606	31.3284829	24.3013395	9.5076527	29.0844823	22.3084723	26.6357611	0.6085146	0.6372615	26.9285608	5.6720457	7.9202008	6.7285486	8.5874167	
0.7128821	-30.8508765	33.9602405	27.7289095	22.5523717	12.3180661	26.699549	24.3296261	26.1413332	8.6982273	10.6164781	24.3314669	7.1606468	8.784546	7.5100936	8.8076833	
0.8394318	-19.7133142	38.1588954	27.5465908	15.3014776	14.695917	24.3953125	19.2948656	29.3691001	21.4552415	9.2265366	11.0127878	11.5976175	9.7050429	3.2624074	9.1308715	
0.885475	-14.2403604	31.4658037	29.5579904	27.877564	11.9172433	28.5752422	24.9131813	27.1754528	21.2230847	4.9020076	26.4293116	3.2249536	9.5102849	9.8075481	5.4340109	
0.9261287	-30.3251798	-26.7385278	39.8299547	29.7523313	1.3973129	29.1691185	29.783527	21.4408305	4.9769709	27.2346572	29.6668174	1.9018561	9.8938699	8.6756152	9.6916502	
0.6864628	-18.64757	22.0089182	22.5376003	18.2773116	11.9320959	16.0050023	20.0531227	28.4807421	9.4997664	15.9647029	27.8074869	13.9401405	8.5936929	8.2693851	6.9013985	
0.8275182	-27.261697	6.2634702	33.5730818	16.8885881	4.0547814	23.713365	21.4005575	6.4824757	8.1239323	27.474553	18.4867374	6.6045416	4.2089622	3.9144881	3.1136495	
0.6209229	-34.4896118	29.7110696	34.9576708	26.2717308	7.37056	27.9639187	26.8881723	25.5387685	6.8312952	20.5357223	27.0942957	3.4565696	8.5622625	8.5173189	8.3813955	
0.4793182	-37.9905897	20.4168938	38.8987866	22.9073551	4.8296115	29.0481783	24.8245648	20.0555058	7.9815887	16.9388847	24.5448587	0.4493204	7.0916731	7.2651587	6.6270834	
0.8718323	-36.1293937	27.3475296	38.8014998	29.9526573	4.6780818	29.7758071	29.3923633	29.848865	3.6937019	23.1761965	29.5974337	6.2097414	9.6201782	9.9633502	9.7202725	
0.3374682	-38.4544378	38.5954867	37.2541212	29.2040907	2.5985783	29.6953778	24.5285676	27.9928615	4.3182253	14.0067984	28.6975608	1.3960682	7.0155133	8.2627169	6.0269667	
0.5554999	-31.030282	25.4767922	18.2251474	25.8445461	9.232061	24.3496549	21.2208405	22.9013905	7.7296496	20.5196358	25.4508583	9.9149188	6.7853039	6.6925294	5.4047532	
0.7995044	13.8796927	-6.6950783	18.354546	6.2014709	7.1742355	12.214347	13.1581	11.2923023	9.1924614	17.0748919	7.0859398	16.3410446	7.2310856	2.7800612	8.7545635	
0.5127094	-30.60475	30.6474683	26.5073412	23.4965865	8.8845097	24.5534089	25.1271257	23.7628955	6.5437342	14.5117253	20.3669978	2.7225913	6.8743726	6.9479131	5.979546	
0.8956779	-30.2217816	31.0304368	26.8903096	23.8795549	9.2674781	24.9363773	25.5100941	24.145864	6.9267026	14.8946937	20.7499663	3.1055598	7.257341	7.3308815	6.3625144	
0.1878872	-25.1721946	29.4578956	32.4224715	21.2249455	5.1726623	24.2725524	28.763462	23.6639998	12.106677	8.4932241	26.9122474	7.9928592	8.7224886	3.6303496	8.7779966	
0.3276355	-20.5647486	29.1020698	2.8096579	16.6795373	9.5861273	24.039223	15.5352265	25.4009044	10.0224432	7.7665387	20.9150628	14.5687718	8.7622232	5.0793067	8.8574011	
0.8557665	-32.3655443	30.5095067	28.7898451	25.6956536	9.1929541	28.515503	26.5788686	27.7450789	7.3128728	15.1329544	27.9237292	5.8160117	8.9733266	8.1395766	8.2883345	
0.6585265	-21.9904619	28.1381279	7.5328933	17.3791875	20.5610076	25.2685882	26.0222657	27.1073714	10.8212246	29.9112826	25.9413994	7.2537382	6.2577489	3.9935302	2.2386148	
0.9550266	-12.3691869	24.8892412	15.9327685	26.4223084	21.292968	27.6500535	27.6068601	21.036853	16.5970453	14.929147	28.8415552	13.6301276	9.2753869	7.9704793	8.6690087	
0.2623175	-39.5531062	25.9732859	23.9484648	22.8798827	5.3999463	26.6300629	25.2288445	26.7557992	6.2911175	14.6688948	23.733933	13.4201139	7.630353	7.9908907	7.6631622	
0.357815	-30.6279998	38.9013808	31.2216079	23.7486755	22.9657924	27.5600771	26.2280491	22.5890561	3.077408	21.7508173	28.9642631	11.0827546	8.2654876	8.7732025	7.1309763	
0.7380845	-32.1452243	11.026812	32.5120529	26.6104227	9.1955065	24.814285	21.35743	24.1607139	11.168518	22.0186355	20.4282589	1.6502477	8.5826638	9.7914522	9.5989453	
0.2008352	-35.7196023	39.9602658	27.7406792	21.349418	14.2172312	23.7820708	25.9849879	25.7823337	10.1252426	11.7922231	27.5259242	5.5731568	8.3283499	9.0725121	8.3414791	
0.4979065	-8.5832684	18.7144581	-25.2565083	17.8842261	10.1380729	17.6829561	29.3436529	17.3056598	23.9276524	9.5354641	23.7780298	9.6660893	4.8231415	3.4568058	9.1617547	
0.995424	-39.103366	38.3056137	25.0295304	28.8639172	1.1886764	28.34685	26.950147	27.5068776	0.7753736	1.1232451	29.2719287	5.2556204	9.5290287	9.5354932	9.5570651	
0.4614539	-39.0801106	39.0785665	34.683845	29.7846734	0.6568023	24.3190413	22.2514614	25.0931814	6.074948	0.586157	23.4181884	0.5788713	5.6662977	8.0420268	4.9904847	
0.6634182	-37.3497966	39.0438647	39.8819397	29.9039891	1.4227391	29.2463725	29.8553102	28.6945025	8.1700731	1.3520939	25.9984494	1.3818368	9.5519236	9.6214181	9.3958964	
0.1201347	-27.5403582	38.1744695	28.5103842	27.382044	6.2045721	28.5244785	27.0819031	27.9236547	7.3832735	20.5759894	28.0187291	0.9077686	7.7378083	7.9728003	4.942042	
0.1201347	-27.884125	38.1744695	27.8509832	26.7680976	5.1501414	29.6090232	27.7924412	29.9407056	5.074254	17.7399494	28.700388	0.9077686	6.8470119	7.2298205	3.1691829	
0.9929733	-21.7911929	37.6079887	18.720068	21.0424316	15.524688	27.7430361	23.5257205	26.3428649	7.2756149	15.0193277	25.3717896	12.7630085	9.0162685	7.8694042	4.5481982	
0.320662	-14.6263479	7.839336	13.5402294	12.6258551	10.0533151	18.1886658	20.2595886	20.8609575	6.4617883	22.4773379	15.7546233	7.3329375	6.8936963	8.3315047	5.1366479	
0.6991787	-22.0410254	13.1440038	37.1934786	27.7574794	10.8855193	26.0156564	25.3657386	22.4908901	3.7401389	18.2254036	28.3270033	8.5221625	8.5657475	8.6323508	7.3685773	
0.8261881	-26.4891781	21.5086737	24.1395117	23.1448338	5.3404374	28.9866297	21.1405324	29.3624312	10.4817599	12.8525277	23.5420625	3.584074	8.4894721	9.0124036	6.2036581	
0.5779953	-24.3044223	30.1689738	27.2810005	21.8272871	17.3134959	27.4160224	23.4695297	25.6867331	3.7377262	22.6709851	24.5216153	0.6544674	7.7659338	9.4007201	7.4409782	
0.5779953	-24.3044223	30.1689738	27.2810005	21.8272871	17.3134959	27.4160224	23.4695297	25.6867331	3.7377262	22.6709851	24.5216153	0.6544674	7.7659338	9.4007201	7.4409782	
0.6665753	-19.1703878	3.3661514	24.6995692	20.9839208	22.2672949	19.5612584	15.4285084	20.3386785	7.8293915	21.0822589	20.6563511	3.9599172	7.3067729	9.1996955	6.1179623	
0.9465653	-16.7484381	34.3630316	11.0926703	25.3242305	5.0198302	24.9218257	26.2173029	24.8223147	2.741916	16.2978022	26.6404944	12.4286859	9.8015413	7.0127112	8.558853	
0.4536834	-32.3699391	32.3418117	12.9733714	24.4200887	10.5529918	26.4434055	27.4411608	22.8432181	7.3242514	21.8529424	26.810634	16.4063007	8.8937133	7.8743553	8.6338695	
0.9307412	-22.8749813	-4.5331734	29.9257715	22.0408363	17.7067443	28.6886008	26.2948005	28.5758966	20.7586907	18.7858866	28.5886643	9.670902	8.9458999	9.3923629	7.3624685	
0.5477727	-23.2579498	-4.9161419	29.5428031	21.6578678	17.3237759	28.3056324	25.9118321	28.1929282	20.3757223	18.4029182	28.2056959	9.2879336	8.5629315	9.0093944	6.9795	
0.6298803	-3.6255	11.4064139	14.6177369	12.4925586	11.0989673	18.3897784	9.0965328	23.0671025	19.8812388	15.2379152	9.244598	12.2037328	9.3303432	3.8811437	8.491479	
0.0345794	-32.2086694	22.9442844	29.0992024	16.9974841	7.7066686	24.8257114	21.0495035	25.7545768	0.3756155	18.6686528	25.1483348	1.5865112	7.6116438	9.0238492	7.7339951	
0.9359938	-30.7656034	12.7198768	6.6268367	26.6430638	14.4470918	25.8811757	22.1409349	25.5385032	2.5629498	20.6887955	26.0502613	3.9269715	8.2709589	8.296513	9.1089929	
0.7600413	-19.16422	20.8851479	31.557619	26.6430638	14.4470918	25.8811757	22.1409349	25.5385032	2.5629498	20.6887955	26.0502613	3.9269715	8.7926246	9.3430478	8.8277717	
0.4480262	-30.3369042	35.7582424	36.915584	26.3221033	0.6024736	26.0550599	18.4018312	25.3634951	10.838718	10.8260789	20.6491404	2.1472477	8.880872	8.4030734	8.3194667	
0.8361246	-23.8560161	21.9749027	24.9711271	26.3221033	0.6024736	26.0550599	18.4018312	25.3634951	10.838718	10.8260789	20.6491404	2.1472477	9.0633855	8.2614132	8.3711186	
0.7675124	-34.5289341	29.8193752	22.2063024	21.7246979	10.7271709	21.5856373	18.0946	22.0278137	4.2758084	23.6667006	20.6857672	6.285425	9.65244	9.77685	9.2771479	
0.478681	-15.925784	-20.2692295	-15.7462532	21.7246979	10.7271709	21.5856373	18.0946	22.0278137	4.2758084	23.6667006	20.6857672	6.285425	5.0692948	8.0322577	8.2238528	
0.9572688	-34.862542	35.8992949	34.267578	24.8991255	12.5019859	29.1203406	21.0206203	24.6606717	9.0116666	19.9000183	23.4987017	8.9925062	9.3027262	9.0520176	9.7266541	
0.4721725	-22.6228739	11.1776507	28.7933953	27.5821689	12.9400049	27.8332258	25.3095578	26.0492858	13.4338844	9.199542	27.3194934	9.6053326	7.5351337	8.9397135	6.7057356	
0.2914425	-39.0146529	39.3094708	35.7653306	27.5821689	12.9400049	27.8332258	25.3095578	26.0492858	13.4338844	9.199542	27.3194934	9.6053326	9.8594396	9.9539533	9.6916859	
0.4345318	-33.6829139	37.0510364	39.7583974	20.2076363	3.1832734	26.6180817	24.7341743	21.6391513	11.8080459	19.8697701	24.226056	15.4750087	9.579123	9.7921238	8.6714369	
0.5650494	-31.6257226	26.5013435	29.6580574	24.6248947	9.025241	29.5313759	24.2394289	25.4788443	12.4290733	5.497564	27.0262007	10.8537144	7.1950636	7.1268857	4.4569704	
0.6202968	-25.1450531	33.8719227	23.2130241	24.6248947	9.025241	29.5313759	24.2394289	25.4788443	12.4290733	5.497564	27.0262007	10.8537144	9.7848795	9.8968628	9.0642435	
0.9264731	-36.198832	31.9353705	38.1482335	26.2482846	17.2837025	28.0844106	26.6344239	22.3444395	22.0705692	9.6388505	27.0880815	12.4821398	9.7912106	9.6776763	9.1952167	
0.9232095	-29.091744	39.3610877	37.3039807	26.2482846	17.2837025	28.0844106	26.6344239	22.3444395	22.0705692	9.6388505	27.0880815	12.4821398	9.9840488	7.675172	8.6106778	
0.7540345	-25.6537277	17.7755492	29.3152899	24.3232105	3.329633	25.9956822	28.7872411	25.8920368	4.5551719	7.0868623	26.7455253	8.6998602	7.4264331	8.5504863	6.5853864	
0.7097531	-32.8287357	35.8003092	22.182378	24.3232105	3.329633	25.9956822	28.7872411	25.8920368	4.5551719	7.0868623	26.7455253	8.6998602	9.5426983	9.6559714	6.1281473	
0.5074685	-39.1378966	31.5909451	36.8636964	27.6951996	4.7031018	27.3968018	25.3059892	27.9945437	5.7132862	18.2004634	28.8312854	4.2318069	9.2901377	9.026084	8.5179276	
0.6551377	-5.8810213	30.1616971	15.4991518	25.5639063	0.751612	25.343112	27.7683969	27.0418054	12.3064435	6.580433	27.4831517	7.7054835	9.3413602	5.9731387	9.2911344	
0.8960227	0.6187801	23.5764713	20.9085498	25.5639063	0.751612	25.343112	27.7683969	27.0418054	12.3064435	6.580433	27.4831517	7.7054835	7.2042867	7.431685	8.24341	
0.1819134	-31.9695023	37.2107666	32.003891	23.8536831	5.9004962	24.1247358	26.7605735	27.7858963	5.9652567	15.2353345	26.5615636	7.7525679	8.2870975	9.2066792	8.5595243	
0.9770204	-32.0649657	14.9869989	27.2947786	23.8536831	5.9004962	24.1247358	26.7605735	27.7858963	5.9652567	15.2353345	26.5615636	7.7525679	7.7359313	9.3814287	5.6565499	
0.9596056	-25.6224167	31.7416884	28.4091314	28.1828017	18.237412	28.60788	28.4868393	27.8979507	1.9159067	20.912382	27.0965853	17.3904721	9.7681975	9.9746112	8.9053197	
0.6653852	-25.5172388	24.3001533	11.2118949	28.1828017	18.237412	28.60788	28.4868393	27.8979507	1.9159067	20.912382	27.0965853	17.3904721	8.2038941	7.0557047	8.6179477	
0.8264343	16.8136129	16.4414482	-7.6300508	28.1828017	18.237412	28.60788	28.4868393	27.8979507	1.9159067	20.912382	27.0965853	17.3904721	8.4636444	9.8677808	4.4829316	
0.8843408	10.9394987	-28.0173541	34.9177878	26.4389317	11.0107124	22.8713068	25.6112397	25.2151239	15.5577411	25.1951019	15.3263149	13.9833418	9.7443071	3.4337635	2.0174217	
0.9222275	-25.769076	30.3104952	25.5398362	26.2684782	0.6273453	27.0761848	27.2524679	26.9898015	4.1785769	27.1875176	16.5952458	5.0925694	9.3254802	9.1146502	8.4868551	
0.7925019	-24.415084	35.0137493	39.0538053	26.2684782	0.6273453	27.0761848	27.2524679	26.9898015	4.1785769	27.1875176	16.5952458	5.0925694	9.475675	8.9742712	9.381248	
0.7601101	-26.7853495	26.2997931	30.6112174	24.7099294	8.5647317	28.1449754	27.5333262	27.6081803	8.3866647	13.2181746	27.8551021	6.312586	9.9980242	9.8933775	8.8064677	
0.3864054	-34.5317571	34.4716417	32.0173079	24.7099294	8.5647317	28.1449754	27.5333262	27.6081803	8.3866647	13.2181746	27.8551021	6.312586	8.9975395	9.4670292	8.9874015	
0.6360367	-32.764551	39.6548725	28.9043752	24.4540608	13.6867204	26.4116715	25.347229	22.0594278	6.1099857	20.2493833	21.7656878	9.4036445	8.6421204	9.2664356	7.0156829	
0.7536123	-36.3482194	36.2639352	34.7272829	24.4540608	13.6867204	26.4116715	25.347229	22.0594278	6.1099857	20.2493833	21.7656878	9.4036445	8.3851228	8.8773374	8.7812277	
0.6335414	-31.6818134	37.0802849	29.3919672	17.0461565	4.0739216	28.9781584	25.4415509	27.363712	7.8712283	8.1370041	27.8029376	6.0622991	9.0940285	9.8490783	6.4663417	
0.6864078	-38.8110981	-22.4829343	37.4863802	22.8051733	10.0303681	25.6379266	22.5928527	23.5314642	13.8430371	18.0671724	25.32785	8.8181847	4.6636198	9.8078811	0.0666239	
0.9785869	-14.7540962	16.851532	26.7079162	29.6958927	4.5531687	29.8766698	28.3320229	29.5788468	1.4752986	23.4768735	29.9371089	4.0544329	8.9536563	9.388677	8.8876689	
0.7797912	-21.6279222	26.4055465	27.9786227	29.6958927	4.5531687	29.8766698	28.3320229	29.5788468	1.4752986	23.4768735	29.9371089	4.0544329	9.1699829	7.9763677	7.4668198	
0.6360367	-32.764551	39.6548725	28.9043752	27.0185626	1.9175766	25.6845416	27.8750912	28.6422937	0.9776222	4.4394924	25.9116144	8.000788	8.6421204	9.2664356	7.0156829	
0.9454534	-33.6998327	31.7907869	37.8755728	27.3672218	0.5059001	28.7483708	27.907123	29.2705174	7.6278558	8.759218	29.335375	21.2140016	9.6448807	8.8083793	9.8361562	
0.7916079	-29.2373215	29.7375495	19.9592293	27.3672218	0.5059001	28.7483708	27.907123	29.2705174	7.6278558	8.759218	29.335375	21.2140016	9.9637417	9.9720868	9.6424977	
0.9383809	-27.0273929	37.7747279	36.9003855	25.5851046	16.565938	25.0203793	27.1825769	27.8764524	6.9135821	16.0554579	21.1495693	17.0218211	9.0741428	9.4182109	6.4973405	
0.8626863	-24.0498282	38.1888908	38.317881	21.3746322	8.4913865	25.8180453	27.944374	17.2297065	8.249837	8.0861866	23.6420229	11.3177309	9.6707392	9.689557	8.0689455	
0.9767298	-28.9422848	28.745095	26.4258893	21.3746322	8.4913865	25.8180453	27.944374	17.2297065	8.249837	8.0861866	23.6420229	11.3177309	9.3134069	8.9805904	8.0667704	
0.9599726	-28.0117986	33.5571795	17.1182748	22.7168177	10.4832203	22.1707594	25.9086552	25.8696627	12.5853174	17.0263031	21.0802258	10.0641828	9.2887491	8.8326289	9.739218	
0.9770204	-32.0649657	14.9869989	27.2947786	22.7168177	10.4832203	22.1707594	25.9086552	25.8696627	12.5853174	17.0263031	21.0802258	10.0641828	7.7359313	9.3814287	5.6565499	
0.8177309	-38.2352166	35.3224883	28.4836528	24.6763694	19.4148513	25.0481668	23.5945238	23.806761	9.1963902	16.3800529	25.1128052	3.0109482	9.5006208	9.7326056	7.9850316	
0.8962956	-30.1313393	37.8824514	25.1831736	26.5584384	16.9090542	28.6403983	28.7549482	28.3604234	5.2919102	12.0050542	28.5988962	16.220166	8.62901	9.6534835	6.5807222	
0.5672958	-33.1795413	35.3453207	29.4363442	26.5584384	16.9090542	28.6403983	28.7549482	28.3604234	5.2919102	12.0050542	28.5988962	16.220166	9.1420159	8.9467777	8.3408486	
0.9994426	-31.3997708	1.1824324	27.5809374	23.7984999	3.5263722	23.1228366	28.3057108	26.636948	7.6040837	26.3907302	22.8407804	6.5563631	8.3646866	5.7201586	7.0489379	
0.4156652	30.3812011	-12.6822382	-24.2204596	16.4161781	6.4335366	25.5664501	23.9805914	21.9568611	14.0051687	16.183111	23.8886826	8.4479985	9.9368177	9.7697895	7.6658067	
0.6239179	-24.4124734	30.8549475	23.074849	14.9930465	8.0902998	26.5441837	22.6707462	27.4618682	1.9548372	22.2227063	23.3326395	0.622761	8.051658	7.9220404	7.3645786	
0.0996992	-38.8538302	39.0496108	38.3789604	14.9930465	8.0902998	26.5441837	22.6707462	27.4618682	1.9548372	22.2227063	23.3326395	0.622761	9.7722341	9.7566474	9.8222248	
0.2789308	-32.5497232	26.8941634	26.0445731	14.9930465	8.0902998	26.5441837	22.6707462	27.4618682	1.9548372	22.2227063	23.3326395	0.622761	8.2687406	5.428872	7.8224987	
0.7650645	-21.745852	39.3819546	32.7441707	27.5121608	9.3892152	29.573303	27.9898675	26.3810702	8.8549803	16.3789259	24.8432731	4.1389379	8.6079815	8.1858024	8.2869482	
0.6987468	-38.8509784	37.7978762	33.147763	27.5121608	9.3892152	29.573303	27.9898675	26.3810702	8.8549803	16.3789259	24.8432731	4.1389379	9.6630064	8.4683277	9.4854669	
0.437913	-33.2296539	38.7637144	35.2958939	26.1316677	3.317106	24.4953106	25.9303081	26.0840637	9.4884034	7.4508061	28.5243769	18.2648049	9.3412456	8.2910879	8.5288985	
0.9060026	-26.6584034	37.0168388	31.4632759	26.1316677	3.317106	24.4953106	25.9303081	26.0840637	9.4884034	7.4508061	28.5243769	18.2648049	9.7138614	8.3935601	9.0158913	
0.5866661	-31.4461057	-13.3412053	-32.0978232	26.1316677	3.317106	24.4953106	25.9303081	26.0840637	9.4884034	7.4508061	28.5243769	18.2648049	4.0187379	4.2624832	9.5353226	
0.5624056	-36.8894272	26.2231888	16.8784979	27.7771551	1.5225651	27.5430797	27.7204073	27.6692462	5.7943115	1.136821	28.013037	22.8173192	9.2318603	7.3687801	9.9356179	
0.7727912	-16.8357669	22.0367565	-9.0810643	27.7771551	1.5225651	27.5430797	27.7204073	27.6692462	5.7943115	1.136821	28.013037	22.8173192	5.4852668	9.3902687	5.4605069	
0.7668339	-35.2100383	35.2378989	15.2616198	27.7771551	1.5225651	27.5430797	27.7204073	27.6692462	5.7943115	1.136821	28.013037	22.8173192	9.39509	8.1157417	9.5126101	
0.772027	17.1245015	1.1112662	15.6228795	25.6772574	4.3318747	27.1173362	26.6579383	26.4770375	0.2351319	7.9734005	27.125011	3.3673885	6.7307063	8.8011689	9.1660018	
0.6608945	-30.2060354	22.3810762	27.6345551	25.6772574	4.3318747	27.1173362	26.6579383	26.4770375	0.2351319	7.9734005	27.125011	3.3673885	8.8075892	7.809245	6.9356323	
0.2943361	-29.7147532	30.027545	32.0889326	20.7403841	2.6126999	29.3224915	17.3880535	24.6717787	1.6860611	16.2630768	23.6221962	15.7105061	8.6724252	7.9370862	7.3472115	
0.6508545	-33.259365	25.4688807	23.1019884	20.7403841	2.6126999	29.3224915	17.3880535	24.6717787	1.6860611	16.2630768	23.6221962	15.7105061	9.7283195	8.8210821	7.8668554	
0.6681729	-26.193604	27.0091222	27.6469016	27.6781294	2.1948819	27.0886668	28.2301016	28.4761678	0.6232801	1.8294619	25.8382806	10.2378439	7.3641269	9.4563212	8.9547629	
0.6887778	-29.6789608	27.4990537	28.3685924	27.6781294	2.1948819	27.0886668	28.2301016	28.4761678	0.6232801	1.8294619	25.8382806	10.2378439	8.2238267	8.1770036	7.8729751	
0.9185934	-28.3867447	27.901168	26.2172289	20.7976756	12.7441355	26.1565768	25.7920924	21.7900481	6.6613142	23.325605	25.8627615	5.1244479	9.0071146	8.2726713	8.102136	
0.623925	-16.9776631	21.4821967	1.8132243	20.7976756	12.7441355	26.1565768	25.7920924	21.7900481	6.6613142	23.325605	25.8627615	5.1244479	8.6184862	6.3301366	4.6389736	
0.6378432	-26.0012926	29.5714258	22.3769676	21.9497801	0.6713578	28.1033342	28.1635235	29.8768999	1.6504962	7.6710104	10.3964156	14.4843637	8.5595469	6.8524386	9.1401946	
0.9283305	5.2001351	11.7765463	-35.5836854	21.9497801	0.6713578	28.1033342	28.1635235	29.8768999	1.6504962	7.6710104	10.3964156	14.4843637	4.1774783	0.821779	5.8634773	
0.7938392	-30.5116095	29.2985051	29.2002232	21.4544185	12.9195837	24.9014586	28.4222059	29.3483633	5.1285236	15.2238831	28.3370808	13.2604364	8.723614	8.0123748	8.1218324	
0.5464905	-32.7404097	8.1691288	6.7703881	21.4544185	12.9195837	24.9014586	28.4222059	29.3483633	5.1285236	15.2238831	28.3370808	13.2604364	8.7717407	6.8936242	7.5090862	
0.7965867	-30.2467837	39.2754323	19.7380536	25.3183657	9.3576868	28.6961748	23.0299863	28.9196632	4.6915238	11.7439426	29.6038838	15.8042399	9.8062906	9.8870715	9.8511628	
0.6293821	-26.5360462	36.0799366	-8.293929	29.3195413	15.2049264	28.0866898	28.1540759	27.8858111	11.0324891	21.6985109	27.7242263	8.0329422	7.1193188	9.7158786	8.2814993	
0.5243752	-32.2651745	36.35907	27.1116575	29.3195413	15.2049264	28.0866898	28.1540759	27.8858111	11.0324891	21.6985109	27.7242263	8.0329422	8.8132369	9.5099424	7.8267674	
0.9359938	-30.7656034	12.7198768	6.6268367	18.5670883	3.8939131	23.7671202	18.7920501	28.1396286	4.6954723	23.3488269	28.1793296	3.5769995	8.2709589	8.296513	9.1089929	
0.3128583	-36.07239	13.8577203	-5.5942213	18.5670883	3.8939131	23.7671202	18.7920501	28.1396286	4.6954723	23.3488269	28.1793296	3.5769995	5.9226495	7.4971615	6.5712812	
0.164914	-27.5474906	11.5867481	23.7743036	25.7246353	11.0673401	27.3099334	26.9735612	27.7505195	12.8089446	9.902082	23.492587	20.1112074	8.6672637	6.9308439	7.0481463	
0.7099915	-3.2081803	-17.0415789	-3.6501173	25.7246353	11.0673401	27.3099334	26.9735612	27.7505195	12.8089446	9.902082	23.492587	20.1112074	9.6283734	3.0191831	6.5378875	
0.9074782	-28.6278957	27.7897492	29.8798734	27.9365782	17.8150761	27.3114905	25.909208	26.6419672	1.3514687	8.3085306	23.3100796	8.2489747	9.6652822	9.7939738	9.5824347	
0.6623325	25.3537431	-20.9758641	-14.7490033	27.9365782	17.8150761	27.3114905	25.909208	26.6419672	1.3514687	8.3085306	23.3100796	8.2489747	9.7776114	6.2160322	4.3369931	
0.8793481	-36.7609977	35.2021828	29.9985889	23.9984378	3.712181	28.8101936	29.0361886	26.2257937	0.5235202	0.7545722	25.9095754	2.6997782	9.7799235	7.3170959	9.2038576	
0.5473505	-26.9543	29.7492091	27.3985254	21.9299188	7.0405749	27.4343278	22.5039912	19.2612253	11.0260729	18.4599539	22.868413	6.6772325	8.8674148	7.5597525	7.7120691	
0.9018405	-32.3138526	36.5168287	19.7718869	21.9299188	7.0405749	27.4343278	22.5039912	19.2612253	11.0260729	18.4599539	22.868413	6.6772325	9.9334435	8.1851252	9.1301677	
0.6483549	-37.5789701	38.3137102	35.9880798	20.7108092	10.2292891	27.7097101	27.8811991	20.4908126	7.3122613	26.3200992	21.9665421	2.8633871	9.7014546	9.8071979	9.752115	
0.7741708	-32.899092	29.1018596	35.214427	20.7108092	10.2292891	27.7097101	27.8811991	20.4908126	7.3122613	26.3200992	21.9665421	2.8633871	9.6293115	9.7712934	8.9421147	
0.7799411	-24.357297	-17.5127167	8.5948728	28.7992876	12.0528444	27.2504263	29.081095	17.3100682	0.3316674	12.0856703	29.3758229	0.1222781	6.3480936	4.3563252	8.0319138	
0.6958477	-29.8211777	20.734872	31.7467998	28.7992876	12.0528444	27.2504263	29.081095	17.3100682	0.3316674	12.0856703	29.3758229	0.1222781	8.7705203	8.837387	8.915176	
0.9770165	-35.1534042	24.4929291	32.7240551	28.7992876	12.0528444	27.2504263	29.081095	17.3100682	0.3316674	12.0856703	29.3758229	0.1222781	8.3941084	8.5185994	8.5430422	
0.0014615	-39.9153711	22.1532325	38.0775625	28.0443556	4.9217337	28.6829888	28.0111588	28.6776063	3.9345362	16.6281457	26.8100387	6.1466932	4.3919155	3.5061586	4.1745666	
0.7097531	-32.8287357	35.8003092	22.182378	28.0443556	4.9217337	28.6829888	28.0111588	28.6776063	3.9345362	16.6281457	26.8100387	6.1466932	9.5426983	9.6559714	6.1281473	
0.8411181	-37.1095474	27.4492187	23.3962522	23.647949	10.7923145	24.7668506	23.2290979	28.0075533	15.8782388	11.3624507	23.6169826	17.1296599	9.0659612	8.296381	3.0500401	
0.9451433	24.1689316	-18.7211333	-15.8961936	23.647949	10.7923145	24.7668506	23.2290979	28.0075533	15.8782388	11.3624507	23.6169826	17.1296599	2.9072339	3.7214532	2.2883426	
0.9232095	-29.091744	39.3610877	37.3039807	28.4283734	5.8454165	28.6290619	28.2738266	28.585794	6.4118689	12.5370027	26.1511506	7.3016099	9.9840488	7.675172	8.6106778	
0.72687	-33.4106079	33.6265769	29.0499405	28.4283734	5.8454165	28.6290619	28.2738266	28.585794	6.4118689	12.5370027	26.1511506	7.3016099	9.0651564	8.590719	8.2826082	
0.5675516	-36.6332695	28.4572287	23.8169146	23.858322	4.1680502	25.8091747	18.8419407	23.9857326	8.6485009	11.6040455	18.6586668	17.0903124	8.8734692	9.4475619	7.9445068	
0.7727912	-16.8357669	22.0367565	-9.0810643	23.858322	4.1680502	25.8091747	18.8419407	23.9857326	8.6485009	11.6040455	18.6586668	17.0903124	5.4852668	9.3902687	5.4605069	
0.9373125	-34.2029837	27.1998479	24.2360424	16.7614867	3.6988915	28.1670321	24.7896848	26.4929777	7.0795373	7.6068113	27.2633728	5.3874044	9.2705524	8.8430572	8.8394275	
0.7799411	-24.357297	-17.5127167	8.5948728	16.7614867	3.6988915	28.1670321	24.7896848	26.4929777	7.0795373	7.6068113	27.2633728	5.3874044	6.3480936	4.3563252	8.0319138	
0.7940901	-25.9013558	38.8395208	30.7485218	16.7614867	3.6988915	28.1670321	24.7896848	26.4929777	7.0795373	7.6068113	27.2633728	5.3874044	8.9216895	9.5570228	8.1790642	
