0.220486	37.0381646	30.564216	-35.2949791	12.0111172	25.1770977	7.3291286	28.6221838	21.6085806	5.6352303	25.7533243	10.5174148	27.3371904	7.6899272	8.4654461	9.4381445	
0.7453071	22.7074781	22.6939935	-27.5476097	12.7625924	23.6299991	13.4244103	22.2796242	25.8218904	8.9812069	23.1034374	11.4821062	26.4341204	6.3316972	7.1438431	8.2086151	
0.6999149	-10.9495739	39.5015761	-25.1816143	6.2281387	28.1950687	7.2780959	29.5391626	29.2821981	5.747702	28.0940381	10.844913	29.4073917	4.9427457	9.8040776	9.2352038	
0.1734063	-32.3502282	39.5250516	-26.1248313	6.3433167	28.5414629	5.9241574	20.1616513	29.6708291	1.9787707	27.0676852	9.8983706	29.9198389	2.480089	9.9355553	9.9014829	
0.631921	31.4011487	36.1253464	-30.7422097	14.6786168	26.656024	5.3611298	24.355806	27.4451457	4.5593489	27.0810095	12.7625589	29.1856538	8.3369792	9.657774	9.6733613	
0.4267772	-4.5121768	29.7966963	-34.0910111	12.5846585	21.1580406	7.4622744	26.3701359	29.5863941	6.7592519	14.7516324	14.2173354	18.7341623	5.0849056	9.5361625	9.5528616	
0.9617766	27.344935	36.1571214	-34.9602202	13.6943133	29.952907	3.0195283	29.7630541	29.9081944	1.9904838	29.2038777	12.5097573	29.9466823	9.146859	9.3978809	9.9857674	
0.6882171	26.77907	37.029826	-27.8441366	16.1038892	29.9429812	4.1635	29.7630541	29.1608323	5.1869842	29.5722481	13.1255584	29.9466823	9.7957324	9.8108795	9.7315642	
0.8719237	35.4424064	20.6831232	-25.2241118	28.550082	29.80401	5.6568281	19.6884996	26.2919544	26.6222707	27.2927775	20.6461606	29.2898041	9.908152	9.8108909	9.8147201	
0.4955723	35.6031619	31.8173798	-29.4623548	23.5973391	29.911297	5.7075915	29.9668996	29.4384372	14.9782746	29.5385023	11.7097442	29.4538894	9.5991598	9.646545	9.7936957	
0.2455122	30.4546028	38.7732679	-37.1726365	24.0069231	28.5202539	2.2828713	27.254467	28.6957407	11.2058743	28.3473976	8.8299874	29.668125	8.3327228	9.2361859	7.9719403	
0.829925	13.4018389	30.6297782	-30.8307426	16.2451588	28.2719919	6.7613217	20.7647156	28.913966	6.5760234	27.7732381	14.339875	29.5816468	7.0310661	9.5871259	9.203208	
0.7761046	25.3467599	30.0072267	-25.6491403	10.2198363	28.7795387	13.5357619	28.7733077	27.9059031	5.8126999	27.5157624	9.2520699	29.0302863	8.4428138	9.6783669	9.6802582	
0.1653265	-19.718297	39.3466653	10.9861711	11.6583738	29.8010056	29.5131187	7.5806533	29.1742562	25.6344008	4.0273631	29.5339205	29.8605346	4.5590308	3.8548763	9.903822	
0.817875	22.1262974	32.8125882	-30.4892981	16.6340723	27.0387819	12.4019343	26.2543136	24.6561525	7.2654831	25.4513433	13.6088046	29.2573857	9.0409437	9.0365367	9.5840329	
0.9306008	34.7008305	23.6494185	-31.7599116	28.727832	29.7912624	14.2889822	28.6537331	18.8505264	14.2014374	23.8557185	17.7136035	29.8527206	9.963029	9.656331	9.4088951	
0.8983296	30.1422106	30.7449474	-29.7776654	26.952454	29.1914049	12.724892	28.4176308	24.4766753	12.1339091	26.0525313	14.3819694	29.4264855	9.9821481	9.5450274	9.8177023	
0.6576141	-2.1303175	33.3703929	13.9126194	10.6509874	28.1322416	5.2991	13.076003	19.9781434	10.587426	19.1066774	18.8739727	16.4312573	8.7771058	9.225269	6.0113897	
0.9319232	4.7531058	36.0263932	-26.0424977	8.2955354	26.4452442	8.9039686	28.4447003	28.1316113	9.3890853	25.8044773	5.8945899	29.7796448	9.8018698	9.6648217	9.9661542	
0.5763366	30.1872066	32.7063613	-27.5225434	11.5517729	28.2069742	5.9110156	28.0682422	26.669356	6.7686909	27.4280133	8.695777	29.7393763	9.4537948	9.4585177	9.6514907	
0.7581562	18.3029171	30.7212259	-31.4776176	16.1980721	26.651137	7.0907437	22.9110306	25.879905	6.4131332	24.3799803	9.5368389	27.4332506	8.0756619	8.1930119	8.1150944	
0.9269879	12.3642481	33.3333581	-27.3731104	15.4504507	26.9396997	13.1662881	24.2012625	26.9202392	9.1285475	26.4974763	11.5632829	29.3972188	7.5206111	7.7647995	9.8530719	
0.7397349	10.5053589	32.7045934	-25.0077468	10.180501	24.7735853	23.9681874	26.2503921	29.6805981	9.5345796	25.9914036	4.087394	25.7255005	8.2305553	9.4307743	9.3295441	
0.7374599	32.4097291	39.8661223	-24.5613759	16.7213189	29.2033489	17.9278792	29.8587648	29.2536522	12.2932725	29.2251695	13.1381791	29.3309073	9.7198791	9.6264713	9.2103951	
0.4679818	23.8460922	36.5402249	-36.0859926	8.1361459	23.8706902	16.8440485	27.643648	24.3677222	8.5524214	29.1656661	6.169407	29.6403197	7.7215529	4.545562	1.7280124	
0.7143875	19.6487817	32.9138973	-29.6991244	18.3597398	28.0972263	4.446113	20.8150025	26.6593285	9.3934275	29.5538903	12.042644	28.5030454	6.0361757	9.1414161	9.8164085	
0.9121087	0.9970677	38.3019971	-26.020439	3.6763362	29.0407675	3.2299804	29.636557	24.7052559	7.6065057	28.8426994	10.621627	29.524817	3.4395375	9.7158037	9.5592619	
0.7971178	-13.2665288	5.7452237	26.6617251	27.2538725	29.5121981	11.6507881	27.4157714	29.0718115	24.3634911	29.1542511	29.3014074	23.5162709	9.9684965	7.6136461	7.5734707	
0.7754612	15.6726562	29.6656778	-24.075803	18.5915343	26.4237058	14.7987684	27.0610726	28.8888559	9.3677531	28.6674651	9.1129169	29.6533312	9.4695168	9.1497145	9.9043532	
0.2338814	37.4883574	32.5742383	-14.5776714	14.5519261	29.0189933	12.3458493	25.9152996	26.5982173	13.4200205	29.373999	13.0316409	24.8816615	9.0223025	8.0316172	9.7831219	
0.1174122	-1.6303475	21.1507116	-32.9213299	24.0895548	20.0296876	13.2882726	20.2109803	24.1873256	8.4515693	28.195092	6.9535648	26.5819602	9.0959931	9.9011442	9.0179371	
0.8798593	21.7113856	28.9921541	-23.8540604	20.541002	28.1745011	4.003861	22.6600162	29.1699926	4.1718344	28.2334676	17.8102694	29.9072114	9.4350754	9.3576509	9.373642	
0.84035	27.9432189	32.5582538	-16.3364173	14.5589853	29.5833022	4.2851801	21.1752697	29.3541764	3.3790448	29.7224257	20.2942138	29.4975348	9.5465273	9.4234077	9.6695931	
0.616781	30.3255445	31.4753184	-28.9733347	16.235134	29.207729	10.5596491	29.4833088	28.3355826	8.7329776	29.3821434	10.343559	29.4025672	9.529791	9.641632	9.7518364	
0.7303863	21.6340478	11.0592954	-16.6916313	23.039034	29.8243614	18.6283764	13.3637439	15.4731039	27.1408139	26.2173115	25.4833934	26.7993657	9.2541202	9.4513818	7.7358136	
0.4551613	26.3316623	31.094665	-26.0769529	17.5738846	26.105115	11.7565098	24.3620602	28.6591978	9.3459215	27.5132087	14.2778211	29.9379392	9.463576	9.3101465	9.1837178	
0.8816043	37.835944	22.2877194	-4.2112825	9.124116	29.2539269	21.2597063	14.8714903	20.369397	5.9404065	27.0289393	24.3392267	17.714215	9.3516635	9.9298741	6.6959382	
0.9608129	3.9024936	28.2434932	-13.7768061	25.2411187	23.7878456	14.7672028	22.2026313	26.7282853	11.7172547	26.8395247	12.7518608	29.2182827	6.7908111	9.8702353	9.9386852	
0.2766143	-3.8307468	30.6358796	-16.5070156	11.4388244	23.5849417	12.4924702	23.8120107	27.9284463	14.5287491	23.3936185	6.6574097	29.5151596	9.9649466	9.7026286	9.5287326	
0.6056018	36.6884682	29.3318134	-28.321765	29.9143998	29.8505848	9.3491667	29.2111066	22.3458435	15.83249	24.7000558	16.6448092	29.9643502	9.9393399	9.8368483	9.8331289	
0.3377204	39.6133418	29.3527676	-29.3071906	24.7830804	29.338048	10.5959633	29.2204983	26.1881671	9.6247455	24.1965406	22.1674132	29.8092699	9.8777238	9.3271273	9.6134291	
0.6877095	34.697439	32.1282945	-34.2582398	8.3930261	28.3891592	3.3081128	29.5571146	26.9498981	4.0582107	23.4283236	9.6738842	29.7782536	6.4761895	9.8083032	7.8285468	
0.3988663	24.1416488	26.3629922	-28.5062362	13.5976933	24.5444276	7.8940875	26.4415283	27.4926519	11.6803519	26.4024207	13.2723835	27.1999786	9.312119	9.6008925	8.5524401	
0.8228869	13.5994652	34.9773108	-18.4455482	1.6569203	28.481925	12.751681	24.8198911	28.1337865	17.8709148	25.1843464	7.8042539	28.6374196	8.0250841	5.7420895	8.2627781	
0.6738161	20.6651502	26.2411656	22.1556864	15.3735253	16.8691432	24.4561582	27.004294	11.962772	14.0304371	13.0193188	18.0891841	28.494314	9.8863547	5.1147166	6.4545768	
0.3295452	26.7895027	30.3987172	-29.7923146	14.3246677	27.066562	10.2865621	26.4306988	27.3807045	8.6610453	25.4677723	12.4869156	27.8043255	7.5152063	8.8031696	9.2554099	
0.6776906	26.5816606	-8.7814098	5.0009517	11.5976743	19.548863	14.4629482	11.5254188	14.187089	11.735446	25.3241708	11.9371311	22.3706427	9.2211692	3.6633734	3.8414197	
0.9501883	23.921052	16.5870979	-18.9051116	17.831714	26.7488975	16.5936485	25.0159534	29.3519648	13.2090296	25.8536035	18.5541203	27.6879127	9.8816645	9.1502864	9.7181199	
0.2439998	1.6810738	15.2857284	-16.4285799	23.3691477	23.7874161	19.6852121	17.9924295	20.7097153	15.1423203	20.7913339	15.3917161	24.7662112	9.3206981	7.7007919	9.9053193	
0.8451971	13.6121226	33.9581683	-30.3613897	18.6752643	28.0813946	16.2473685	24.7509466	28.4490032	9.6079796	25.044566	13.4493119	29.7798994	7.4196693	7.2693895	9.1990742	
0.704341	13.590568	29.2948284	-16.4215416	6.7728141	28.5610292	7.3361503	22.5708363	25.5136365	13.1778582	24.6307622	14.7920737	23.0422251	7.7468508	7.8622186	9.2372976	
0.6132546	30.4608211	36.004347	-31.0713886	14.9735708	26.8992835	5.1062314	24.2748789	27.7034066	4.2844629	27.3848338	13.1740641	29.1838186	8.4815283	9.7954694	9.6538842	
0.1568491	32.1580914	14.1233524	-21.3136945	8.4854889	28.4386232	22.29507	14.1106825	28.7043547	5.4678015	27.2537436	20.302679	28.4652276	4.4042289	9.2382233	9.4070974	
0.6197099	1.2975733	15.4695762	-30.7177254	19.3497684	29.0663406	4.0530771	24.9775829	26.2536952	15.2780087	28.9448239	24.075524	29.1836067	8.3836988	9.3226023	9.614992	
0.6981856	25.2131988	33.3128807	-29.6901586	14.2000256	28.9668705	9.3627512	28.847237	26.6611201	7.9263415	26.8024276	9.6941935	28.266306	9.68049	9.629653	9.2244205	
0.2848671	33.6650156	39.3355109	-16.2726588	7.7584501	28.8625672	7.2145514	29.8760665	29.202823	8.5854678	21.9404924	9.9854933	29.540968	7.4380556	9.7160417	9.8011471	
0.4828209	38.39605	38.6462146	-36.4221898	2.6340391	27.4310362	7.3852862	29.0890531	29.6395066	3.4779591	24.770812	5.6536625	28.7321367	6.6156609	9.2245402	9.6132822	
0.8999948	12.8716014	30.1042222	-28.4558469	20.0180206	28.5312454	13.5258038	26.9510152	29.5827331	10.6437671	28.9990633	16.8203003	29.763198	5.0716576	9.6404819	9.8960058	
0.4513362	1.2097432	-0.7007237	-24.6411593	15.5580071	27.9461613	12.1149077	16.3272401	26.5119262	17.014481	19.8840523	14.9951325	26.4322849	8.6806233	9.3621073	8.9654851	
0.5697368	14.2312176	24.7722024	-31.0428833	26.4131417	29.937811	16.4627688	24.9749548	29.4622829	14.8954639	29.7973669	17.4873788	29.6959824	9.9400451	9.80892	9.5027289	
0.8984669	31.6300942	33.1471695	-34.2045769	4.9776752	26.280142	8.9749355	28.392883	29.4154055	5.0293388	25.2497033	4.8271437	26.181863	7.6415361	8.5088661	6.9117459	
0.31685	-0.6381002	17.7737699	-25.4868706	24.0937978	29.4371306	14.5855294	18.5518465	23.7813468	5.3901612	28.4772899	16.4223314	25.7701426	8.6815728	9.3714278	9.7702903	
0.8035964	20.794471	29.1101387	-27.9677061	15.2948041	27.428416	12.0206378	24.8344878	25.7471427	11.4639733	24.7217264	7.4584193	29.6115899	6.1386017	8.1731823	9.1478145	
0.7285675	36.7517543	30.6295164	-36.6577554	6.6348242	25.1419413	10.4117291	26.5600635	26.3238596	7.8890829	29.2114516	1.9585651	24.4965841	9.2593543	5.3534427	7.5615295	
0.8824605	30.4070843	39.6168501	-22.4530573	9.6092827	23.7522091	23.4711397	25.1508607	25.4716335	8.4200947	22.8529786	4.9780211	24.4032301	4.1084891	8.5657615	9.7967197	
0.8269469	28.0526023	29.0906811	-24.0948054	20.288449	29.038899	13.2390629	26.6347681	24.5979191	13.2598473	26.0854957	4.8929233	29.7338455	8.8953122	9.5925409	9.3331125	
0.9168524	20.8712774	39.3516077	-31.1279933	6.6096977	29.2426259	8.4043306	26.5203197	29.3670897	4.1143527	27.5310164	6.418986	28.5641809	9.2620957	8.1628452	9.5998362	
0.8022117	22.8363191	28.5322655	-32.8871309	9.879501	27.9689765	8.1019243	26.4848216	23.2228603	4.6125759	29.0027396	14.3494055	27.5226556	7.2185648	9.154636	9.8956072	
0.7733279	27.3251942	21.8435972	-31.8592765	12.4847375	24.5141983	10.6754224	25.6653488	26.6009078	8.4961484	27.1164891	9.8391115	26.6274126	8.1189255	9.4366219	9.2559393	
0.7961428	12.7950609	39.2678265	-31.9390558	14.5419245	28.2242397	15.6118929	29.9058053	29.7077743	7.1082472	29.4340896	11.1472454	29.0367188	6.496658	8.390489	9.864008	
0.7318911	28.9937788	20.9246272	-28.6698192	26.9915065	27.5715677	10.2201832	29.176998	27.9480279	10.8177796	27.8366013	15.9946641	29.8463446	9.5549855	9.5020437	9.7948497	
0.8037272	14.74696	22.4818137	-15.1839156	17.0118399	25.0097381	9.928555	26.2679344	25.6280501	12.825907	25.6859621	14.3860603	25.9098598	7.5319442	6.3149701	7.1175186	
0.5440362	38.6077504	24.9828337	-39.5006326	20.2238017	27.8326779	4.0239224	24.7551567	27.5559291	3.4930106	26.6381613	15.0568952	27.9587367	8.7929613	7.2549329	8.6669187	
0.7455566	27.3483809	28.1222344	-27.3846751	16.9629692	28.5579059	10.9123287	25.1163876	23.8285807	11.5521134	25.3667639	7.2660776	29.5122842	6.7872869	8.6265415	9.6994594	
0.5533759	29.884725	31.062795	-32.5558886	10.69039	28.2475984	7.6090322	26.1498505	27.4164438	6.4846892	27.7818827	14.7528429	29.621829	9.0686143	8.8496459	9.5750284	
0.3318336	33.4409724	-2.7721849	-1.2970321	11.6615146	14.665745	8.6949364	21.9502238	13.9652195	13.6433245	17.151676	25.1771093	14.1758599	3.3426961	6.4408834	7.3118783	
0.9302393	22.3024342	31.1147595	-27.5854713	24.254907	28.9906994	7.737325	29.2571821	28.7200149	18.6621691	29.9530756	8.4563158	29.8980198	9.8629746	5.7642658	9.432661	
0.7682544	19.6601421	28.3129802	-30.6949484	14.5433403	27.1421768	12.1291893	28.7612911	29.8362124	9.9055472	27.9792352	8.7101368	28.7933407	4.3436148	9.4406145	9.8421174	
0.2620504	-2.7408646	24.0889419	-34.8979684	8.5206439	22.6312749	27.5406348	25.7776608	29.6879366	7.5205664	29.4857111	6.3940798	29.8020994	2.5712965	9.8407552	9.1697622	
0.7572506	21.109464	23.9581399	-29.0459019	12.9794083	25.7552969	7.9685528	26.515587	27.9677886	7.680894	26.0656002	7.7105902	27.2768657	8.3208582	9.1899536	8.5308385	
0.9747385	11.4750818	-1.2778734	-31.5750968	29.3460361	28.6758613	1.6717462	20.8840511	28.999048	8.3866149	27.3873646	13.9494909	26.9582867	9.9096567	9.5371049	8.9601399	
0.4290235	6.8378091	33.1768299	-27.5688019	14.6264422	24.4614958	12.2355028	22.9836831	28.1495246	6.9246166	28.7293871	9.777723	28.6124069	6.4052372	8.717132	8.9826161	
0.3716369	38.3635841	35.2230504	-29.6328027	12.7313276	23.9068097	11.5378464	8.3025564	15.0670067	24.2116989	11.5190873	29.0381116	24.892767	6.8128741	7.5907274	9.3697009	
0.6896195	16.8954591	31.9302355	-14.9005113	14.5712674	29.3009351	6.4055202	23.1995845	24.1040626	3.5944199	29.1916557	20.4209206	23.4227351	9.8189031	6.1221834	9.5407296	
0.0680114	29.7585204	33.1215099	-32.5987201	5.3116319	28.9786474	12.705636	27.6519352	26.9165145	5.1794204	26.5411962	2.7389969	27.5791895	9.1158178	8.891432	8.6507638	
0.1760306	-4.0019089	30.4101045	-19.1964225	8.6697027	24.9394462	22.5656734	21.6714131	25.3016609	7.6272721	26.461841	4.8686854	28.0403411	8.7590818	9.1768393	9.4605976	
0.9709228	39.9970393	39.9742225	-28.7471213	8.3138556	26.5214255	23.6360367	25.8563032	29.4414438	10.6505148	13.4182854	4.5099079	29.3901572	9.8313919	9.7714284	9.6550556	
0.2931067	4.1762735	16.5116765	-15.6286119	19.1309043	8.324942	15.7003514	23.9127657	19.3225521	18.1987209	16.8659811	17.5254087	22.3394269	2.7775599	4.9012508	9.3769536	
0.8279015	15.106579	33.8910319	-21.5987018	20.0052056	17.2319881	14.094301	24.5183224	28.1013483	16.7091995	23.3888533	15.5965234	28.6130097	7.4127186	8.4070683	9.9422961	
0.2325621	22.9129005	25.7361108	-28.4884287	18.8048817	26.0499923	8.8409455	25.4748991	25.7661091	7.8714924	27.8260832	5.1558432	27.5356126	8.504596	6.1810216	8.7325041	
0.6277869	32.012205	33.0494263	-24.5502327	19.9485939	19.1847556	11.1584424	21.3234158	29.4093482	9.2406593	24.5990335	13.0138773	28.0721224	9.8495528	7.1416539	9.2144219	
0.9584614	24.5157113	20.4676982	-25.3341113	24.9183861	28.0173572	9.6868189	24.5255151	28.0116675	12.0771767	27.4234266	9.4589682	28.7306848	9.486335	7.9122935	9.5279788	
0.7652246	3.4092758	16.4180671	-17.5197415	19.5092615	21.8417092	14.146248	21.3706739	26.8029942	10.0393483	24.8013203	15.4558042	28.5147668	9.1680037	9.4455677	9.4395133	
0.5065853	20.9041908	27.7767293	-27.0452717	17.0617942	25.5760684	7.9305151	23.1789297	29.3495349	11.2712157	28.5440929	11.2341295	28.8127113	7.6040331	7.2381295	9.3823133	
0.314911	24.0401221	39.4745465	-14.4595749	21.9554037	29.6742301	16.5582139	27.2205929	29.6984042	20.8839413	29.049999	9.8997007	29.2462619	9.7456274	9.0923626	9.2091377	
0.2920419	25.9890245	27.9362185	-26.7073877	12.6777948	21.5161862	8.8438187	27.677606	25.2840467	12.0366538	26.6437486	7.2783856	29.3189273	7.565794	7.2677238	9.0856606	
0.6688389	31.9770828	31.9826114	-16.2820106	19.3966351	26.4760578	16.5811682	29.3767991	28.4892319	11.4075984	28.0170213	17.3996605	29.4759605	9.5594441	9.5985538	9.2568937	
0.44124	0.7634202	22.9674832	-37.7923517	27.2359253	29.6922884	17.0877158	20.4113249	29.4852733	15.2129912	29.6091563	17.1202436	29.4718532	9.6005583	9.6603745	9.4252695	
0.783756	5.0964323	25.0879045	-31.4103796	16.5030799	14.4859236	19.7306377	22.645143	16.1264678	23.2307636	24.8464071	21.8675799	24.458824	7.3054355	9.3107958	7.6825454	
0.8725384	27.0228507	23.8304557	-26.9994005	13.2464959	24.2924118	12.0492576	20.1708528	27.559311	6.6240025	25.0699409	13.1560806	27.0560867	3.0781887	9.3960079	9.1189718	
0.9491899	23.6164176	26.086572	-30.1640786	4.8506835	23.6443831	14.7771201	21.5590755	27.863324	6.3323758	26.8047901	6.2640494	28.788409	4.4393943	9.14648	7.5548183	
0.9567899	34.8253946	22.7756058	-11.8203663	11.9909833	29.1631618	29.3808385	22.5268295	29.1515788	7.0725693	29.2286777	19.3248987	29.4382782	7.086822	9.6417386	9.6614069	
0.3151587	29.1948523	26.0606505	-32.6057695	11.5554555	24.170348	18.9775987	25.0994645	24.5263197	8.5698009	24.2135023	11.1367211	25.7819024	6.1017534	8.3576921	6.8937137	
0.8160436	25.9448113	14.7596295	-7.2950623	11.0517464	16.903133	16.5919158	22.3277244	14.7810127	15.639054	24.7543998	17.2063576	14.824893	3.1299054	8.6150369	6.224068	
0.5501956	16.8136019	22.8325316	-25.0021422	11.5001997	25.2546302	13.3484135	25.3746087	25.847992	10.2392499	23.6780755	10.2641155	24.5509445	8.8191792	7.6921851	9.0275245	
0.0368634	30.4304274	33.6532164	-27.667312	19.8756545	20.1424268	14.5262906	23.1271524	26.1196719	10.581108	19.6217183	19.9881908	25.8950707	8.9006726	5.7499555	9.8861868	
0.5560303	-0.7278253	0.4094748	-20.1077895	20.8299989	20.9742015	22.4336191	20.0716434	10.197157	6.7809647	21.235359	23.5715459	26.1762387	9.4279489	9.0582072	9.7255806	
0.3054796	20.0704948	31.3744925	-36.6969933	3.795886	23.9171047	10.1744254	22.9744063	23.0330156	1.5000702	22.7532104	18.3618102	25.5722946	8.0195131	7.0106287	8.9408371	
0.8750838	8.6604341	-17.2786084	-30.4820955	11.2574072	11.8116792	16.1408163	23.0370632	29.8390269	17.8552978	11.986853	23.724735	24.20314	7.8899608	6.5879647	9.2147113	
0.8709096	12.7398066	26.0723997	-26.2643728	17.5900301	19.737063	26.8276024	5.057633	11.5822913	17.4589403	8.8769444	20.8737601	10.8080335	8.4856023	6.2476323	3.8843574	
0.8666341	27.6278303	25.8397645	-29.8250029	14.0527876	23.619494	6.175486	26.3904129	27.6752322	10.7390558	26.3359585	9.6191465	28.1660419	8.4121472	9.4682181	9.1591751	
0.6127722	23.4050535	32.4747748	-27.6193056	13.704926	27.0313649	12.3665018	29.0763107	28.5260065	9.4034386	27.8306536	12.0285296	29.1521664	9.5250448	9.1680046	9.6457593	
0.8334623	19.3293483	13.6270149	-34.8494852	5.9525611	17.1493397	14.6433963	10.9314182	22.1584554	1.7231829	25.6386758	15.9534756	23.820706	4.4143543	9.4604376	5.899916	
0.9623966	19.6006939	29.4918874	-29.0081761	7.100066	22.6922853	7.3698995	22.2423854	29.1909196	5.3561395	26.9181965	11.305943	29.1891814	5.8431225	7.0805358	9.9657727	
0.5879792	32.3712949	27.3002905	-31.9932787	18.4631856	29.698859	3.339256	28.1053717	28.3275227	10.2127424	28.4045003	12.0228495	29.230793	9.5445859	9.7500675	9.7372856	
0.6316498	28.7258951	37.6702807	-23.827206	13.2207935	29.4741182	6.6562836	28.5910257	29.1467499	7.4614107	24.800903	8.8323808	29.6711653	9.1334879	9.6487475	9.4164785	
0.6124626	32.2198916	22.9388167	-29.3809723	13.8728591	27.5888419	10.1229857	28.5726374	27.0771333	9.3122186	24.155355	9.3704873	27.0542315	7.9250522	9.1624502	9.2587302	
0.7931393	25.3970903	34.8717794	-29.6432663	25.4326387	26.3116906	7.4326619	16.9922562	26.3746921	18.4191379	27.7676223	17.3468326	27.9157008	8.7077979	8.6493435	8.8834557	
0.9643213	32.0076048	38.3733043	-39.0579211	29.9373131	24.9845261	2.6883616	19.9377678	29.937312	23.9085543	29.8778235	11.1950484	29.3716013	9.033608	9.3729113	9.8241721	
0.8653586	27.546058	33.9034965	-25.7628796	14.3047436	26.7693403	23.9043471	28.0874821	29.3278825	12.5069524	28.5115513	10.5619204	28.8908727	9.3909941	9.4651163	9.91005	
0.8543688	32.5042239	35.600772	-22.1960398	12.313051	26.9835937	29.2749013	28.2520093	29.9189298	9.6923793	27.3707059	7.1211279	28.6340233	9.2932478	9.5413993	9.7029059	
0.9082993	3.700166	32.7896664	-21.0630838	4.9024097	19.4091373	8.9805338	28.9279834	28.8549088	5.053086	28.2578062	3.788618	24.5100631	3.025225	8.9050924	9.6320331	
0.241812	26.3719556	32.3434152	-25.2420565	18.3669762	25.501689	10.8146607	27.6079503	28.5991057	8.1686788	24.5082024	8.7066203	29.0245302	7.1446084	4.7152092	7.7094075	
0.1905618	13.3074139	23.9471031	-1.7765254	8.7395919	19.3405254	16.0096726	25.6038916	23.7572086	5.5757836	18.1032376	4.530698	23.158723	7.3963068	5.8503754	9.9850172	
0.267194	-6.6384805	15.2724248	-1.859309	24.4120421	29.3816829	9.4524013	29.4169701	6.8442599	8.6538573	13.8562281	11.2564005	24.3305786	6.7497673	9.1498749	9.5528694	
0.3140484	-35.9114181	-1.2862722	4.0594043	29.4095186	29.5152861	13.9453959	29.4868889	9.4415741	9.4893839	10.0762875	6.4988162	20.8906898	2.6580231	8.3316816	6.0749288	
0.6475082	13.0282649	33.8100206	-26.6470946	17.2552442	19.3200287	12.2681728	25.4614837	29.7641913	15.395146	29.0352352	10.5710078	29.7877045	7.6766306	8.6964329	9.7433782	
0.5279447	0.8976099	31.8290957	-27.6464864	19.2259224	15.3513106	13.3546059	23.0729576	28.6208794	15.6145976	24.5952794	6.8839243	28.6770332	4.63779	5.2340671	5.8950478	
0.6688876	19.0944969	26.1961484	-21.1524496	24.6247457	23.6886487	9.9660736	23.1983688	24.0818213	16.1229739	25.8355244	10.3534005	26.8564534	9.8820542	9.1985911	9.5280362	
0.9500906	10.0617314	32.4577958	-32.3444689	24.5514268	24.9878755	7.3472836	22.8754399	28.85769	12.2936454	29.5490277	15.5061674	28.8637827	8.0686798	9.2964004	8.5777168	
0.5860421	23.954084	34.4572544	-19.0957876	18.1283962	28.6514473	16.6529112	25.2669502	27.2033657	12.7595514	23.7615295	14.5131431	28.9980079	9.2129796	9.7287408	9.5380788	
0.5573278	15.4599213	22.7042029	-29.433666	13.8714243	22.833675	9.4565401	25.3365578	26.0044951	11.1407105	27.2176158	7.823833	28.2869275	7.6776455	9.5797929	8.7546352	
0.7025865	5.0645503	37.0425337	-38.8340476	4.3240517	23.8611374	11.4836241	25.0633767	28.7994379	7.1303215	27.1320855	1.5727186	28.8340514	7.7478094	9.1021511	9.2670288	
0.4777045	34.6900524	33.7464188	-25.3219019	18.2438244	29.7618502	4.7767365	28.2818858	29.9333585	18.4486261	29.2739708	16.8623422	29.9411684	9.4601585	9.3449949	9.9754276	
0.4858792	4.5304228	15.6258304	-17.957834	24.0924362	25.9340301	17.1750018	21.5445151	14.8443339	15.1575383	20.2625452	6.7874237	22.9156161	6.9282115	9.9031595	9.6804331	
0.6558684	26.9553455	19.9700434	-22.2169658	17.4616041	23.7767652	14.2262681	21.4557273	21.4761464	11.5240683	26.7121433	15.7432052	26.5963278	9.8654925	7.5896228	9.0604013	
0.4634853	16.8033018	34.7634041	-25.4259895	19.2033553	29.5367992	6.3575075	29.2290045	29.6706662	9.4389567	27.7775995	10.0231248	29.9343766	9.4024846	9.4859673	9.1562591	
0.2846595	23.5227291	33.4981013	-26.8853748	23.3439851	29.9202452	11.9913427	29.9730302	29.4522783	11.2079685	29.49975	11.5307967	29.4805378	9.5038802	9.6835076	9.7693288	
0.7037899	-16.5555585	39.9529479	-36.7700804	24.8203759	29.4995737	23.2656307	21.3326445	29.9772642	15.182365	29.0319761	3.0626944	27.2822668	9.9041089	9.994514	9.6082016	
0.2067365	-26.2081258	39.2470544	-37.5220751	26.359252	28.8438352	24.4289424	27.8626526	29.6978889	11.7969787	29.0919829	4.6335636	29.2558175	9.6598653	9.994514	9.2373593	
0.5551661	21.3732861	30.2093851	-35.3641444	18.1323779	28.5199177	7.1802853	23.2338117	25.1769986	8.8751011	29.32935	12.6784567	29.377254	6.2965506	9.1067842	9.0838754	
0.9825818	4.2421542	11.6770886	-33.1575769	23.8263161	27.4719169	3.7919267	21.3489063	24.5742948	12.6412875	25.6442506	9.1637135	29.232209	4.4064865	9.3385869	3.0825848	
0.4817379	27.5759044	-22.5418899	-35.9085353	21.4624727	18.4994868	14.0980502	10.2388912	12.5073036	18.4538196	19.2035182	7.7530263	15.7633436	7.587879	3.722329	8.2119005	
0.6920757	39.8762089	21.8807269	-34.3981172	29.905155	20.1827011	10.422984	29.5683175	7.4293947	4.063596	29.9419847	6.1388867	7.1364896	5.7949781	7.9098428	9.7849925	
0.8127734	39.3973103	37.459106	-31.9587695	29.045133	29.2365575	19.2515293	29.8784877	25.040714	6.0677765	29.9460363	8.0302548	29.9699749	9.6069739	9.2921488	9.4204391	
0.7389405	28.6000402	37.9247916	-28.7787877	16.6586099	27.567687	8.403759	27.5686149	26.9056308	8.3966202	24.1157285	13.103883	27.5643844	9.4895999	9.3238312	8.7870147	
0.7665384	10.729844	23.4568885	-19.5455041	14.0346102	16.4450067	14.1031781	21.1242438	28.5956131	7.9844749	29.8071014	16.6210863	28.8422295	3.6814991	9.1643557	9.797474	
0.2015494	37.1262708	33.9263183	-25.5862491	1.4687417	23.8312943	16.3089972	29.0923922	29.1998874	3.2467815	12.6707429	1.0497483	26.3838244	7.158289	6.9678896	9.9255279	
0.0060619	21.447591	31.7651084	-32.3422006	3.7355302	26.8659971	2.9786316	25.088044	28.3433695	1.8564111	24.9720154	4.5855838	29.8877726	7.0843474	7.9879739	8.0116647	
0.6083759	26.0742114	35.4605258	-30.1354267	5.7425672	26.4611007	4.6021908	25.2487849	28.2185393	2.6188714	27.2158859	5.6564678	26.8651865	8.7983746	7.623332	7.7534651	
0.952115	38.780009	-27.6102821	-21.7073768	24.9304451	22.6974019	1.7383293	13.8946694	11.1712913	28.151825	11.2550714	19.9344738	8.4021464	5.1427915	4.086775	8.6773949	
0.2913512	21.1212002	20.9152293	-25.1138259	23.6581455	27.5035626	9.4262697	25.0329374	27.1729044	12.6540637	27.4006576	9.2734337	29.2026663	9.0256861	8.342978	9.658889	
0.615642	8.2411042	26.5893534	-34.3546799	20.0919847	25.2912673	7.0166041	23.7063114	27.2899022	5.3153058	27.0837927	11.6527589	27.3027514	7.1749484	9.9357404	9.9345033	
0.7541303	19.421587	30.9419883	-30.7811994	12.8782373	29.2048053	10.4875788	27.2291777	24.8089829	5.8564823	29.4432744	15.5012063	28.8045046	8.2089669	9.8950672	9.7382834	
0.7861666	27.7090503	21.0734211	-20.8870162	20.0809133	28.0298194	6.5734318	25.9548784	24.1349495	10.4327085	28.4234601	13.0528649	29.5582003	8.6750504	9.6180303	9.6322266	
0.9944117	39.646375	13.7851129	-22.4214839	29.2234045	29.5470189	5.8028741	29.7198465	29.9402863	18.994502	29.3703081	4.4036359	29.9909682	9.749382	9.2689632	9.5466103	
0.9855149	36.8672766	33.1436981	-30.0471889	17.544937	28.0087413	6.4226762	29.1761167	24.8978199	10.3624334	26.3965387	15.9407531	29.5327693	9.8987017	9.4977397	9.8897327	
0.4432435	36.3919891	38.3617273	-31.8837594	15.6761845	24.3441108	10.7465342	27.8554713	24.9487001	3.8622069	26.8981339	13.3981262	27.8865248	8.5547906	8.0528698	9.5022356	
0.5161466	-2.0928302	17.8418421	-21.2660576	13.7593176	25.3806915	14.9742407	24.7726782	25.6236362	7.3005681	26.1892143	12.1031319	23.7474101	7.3559726	7.8596447	9.2854028	
0.1958784	38.958586	35.5717615	-32.6609568	11.4636662	16.1780123	13.6806253	29.1967076	29.4902542	6.5569199	28.6212228	21.770513	29.2612826	9.7436556	9.882673	9.5577723	
0.7757019	23.805188	18.4992321	-21.0760436	13.5455961	29.810562	14.0711818	27.8371909	29.886364	17.0342037	29.7659211	18.6286269	29.6423521	9.6536255	9.9616425	9.3927181	
0.2307424	29.0584119	30.8940951	-21.8956415	12.7644589	27.1318683	11.1443585	27.0934405	24.721885	10.4620791	23.7594527	3.882227	26.4025376	9.7577932	9.2302697	9.4659929	
0.6511746	24.6204826	16.3563116	4.8175182	15.5782586	28.9133648	11.0397104	25.1526851	26.8386901	19.9637725	25.2885465	14.5230702	23.2094786	8.5812803	5.4712233	7.1998494	
0.9010923	35.9163262	36.2809902	-34.1266435	15.0891138	29.1634517	11.3555219	26.0834048	29.4188882	4.7651012	26.2390411	0.8848049	29.3099657	9.8727859	9.2391041	9.6231963	
0.2370491	24.8677247	32.3470924	-27.1470227	14.1583719	24.9781517	10.1195195	29.3475645	29.6859032	17.9548324	28.0786422	8.2965891	29.5814891	9.767887	9.6232596	8.3551289	
0.3975857	21.2514732	20.5703596	-29.9275092	15.7602461	24.1697641	9.6448971	24.2082073	26.257216	13.5981198	25.0766745	11.3802973	27.2489969	9.6676673	7.9633215	8.5190093	
0.2725231	-27.1636626	30.7360079	-37.4720335	5.4808645	27.3513322	25.0005445	24.365711	28.6543951	19.6193416	28.2983385	15.6700078	28.8000317	6.4785889	9.3965641	8.3365968	
0.254451	5.5320919	29.1709167	-28.4940528	12.0377044	19.8028637	17.333941	27.2817212	26.6869729	23.8013433	24.4080581	5.389829	29.1715401	8.2298497	7.4907047	9.7762071	
0.3519764	5.103021	39.4854373	-37.4692375	29.1723808	27.9490361	11.4223455	29.5456528	29.607398	3.8665864	28.9971709	3.4335078	29.1494094	8.6411466	9.4629469	7.5170354	
0.1535516	37.3728628	-4.9640774	-32.850735	29.4869597	27.2098944	12.378717	29.5720775	29.2735397	17.6113488	25.227541	19.7705006	29.4930437	9.19464	8.5161284	9.971777	
0.6685686	32.3117255	16.1175416	-28.8620564	22.0785502	25.270275	7.441318	21.9755929	22.332964	12.9378179	20.8968576	15.7707122	21.0236101	9.3593851	8.0284015	9.6867562	
0.5516769	14.5614687	25.0563313	-28.1900333	9.7212911	24.695113	8.9167678	19.4195601	28.2858814	9.8210129	27.9933872	8.7223778	28.2360417	9.3848411	7.1189565	8.8363251	
0.6647081	30.1547266	35.6883445	-22.4200108	7.6485371	15.4070849	14.1690607	15.4800601	29.4861049	9.2216516	27.5779031	13.9819262	29.2145523	7.2359918	9.8629093	9.379223	
0.903244	32.8114587	33.2830141	-31.8056212	11.5164177	29.4512187	10.3491508	24.4228471	29.7658547	4.9101251	29.963455	20.090348	28.8911885	9.5174876	9.5313282	9.164653	
0.7095338	18.1237745	33.6680634	-31.6785976	12.7711389	27.653329	10.287147	25.4170348	28.6359769	11.6813514	28.3733704	17.1972322	28.0441847	8.6041449	9.5739419	9.2267543	
0.9085176	29.4370327	37.5695703	-32.6297408	20.6574474	24.4699866	6.4616261	29.8187972	29.5318069	3.1027847	26.1904729	6.1877832	28.4311563	7.7843624	9.648131	7.3588363	
0.6146976	10.8592906	14.6518638	-31.6558305	19.1607668	23.38629	9.8561896	25.0746272	24.8032399	13.0227633	27.4166788	8.7533842	28.0944673	7.9083938	9.5173442	8.3109639	
0.6838869	28.480793	28.0520786	-24.9662696	16.3806221	25.6053554	10.3296627	24.6530846	24.9524965	9.5572568	25.034446	7.8620947	28.1088178	7.5541719	9.0440695	9.4738614	
0.3472	24.2571641	13.2352773	-17.1493253	26.4219937	26.6680901	21.9361494	26.9388896	29.5255952	18.4207088	29.3357833	20.3422717	29.8561272	9.5432049	8.5005823	9.5707835	
0.6122158	34.5629316	38.6112984	-32.3335077	14.6044236	23.0104169	9.2246528	28.0251115	24.839907	5.2563316	27.6003598	11.8977439	27.0038984	8.4261163	8.1531957	9.3964484	
0.4299499	38.4119768	32.8769257	-30.2813006	2.7945328	22.4617515	9.0401972	26.8497026	29.9359029	4.4718897	26.9116146	3.3214193	28.4828558	6.9743487	9.868771	9.9940914	
0.9441887	-2.7828366	24.4925548	15.2163866	10.6526315	24.5208705	15.700335	26.3012016	25.0054049	20.8824275	25.8116443	16.6191546	22.853516	6.9176397	4.0175147	4.7777487	
0.8869068	24.4428793	24.0947398	-24.028853	17.7463827	25.6261134	14.952	25.4293189	29.191642	11.7725475	28.0080587	19.1402201	29.0839696	9.0744376	9.4242464	9.3826219	
0.2596225	13.5951672	13.7529998	6.5725259	12.4964003	12.525886	25.067387	17.2480225	17.5347364	12.7736381	28.1509456	21.7464275	27.9073328	9.4736202	5.4278672	7.1632184	
0.5143915	24.2551251	14.0898413	-25.9641117	12.745621	27.2964896	15.390276	22.3464263	19.4623187	14.202486	21.7185776	15.5869834	24.1897667	9.2590813	8.753454	8.3517911	
0.5170663	-1.5018761	14.8633421	-27.0928978	12.9624203	13.0617599	16.4387636	23.022866	23.88122	13.6676677	17.4559696	9.7886332	17.5947985	5.1645329	5.6552397	6.0328015	
0.6261694	5.501022	30.1247631	-31.2081054	15.0267366	27.3446503	3.0773842	23.8369382	26.2131995	3.1954092	29.4726401	12.549421	29.3405264	8.9092631	9.6080145	9.3518726	
0.9874981	4.9892229	30.1305745	-32.2855322	14.163588	26.6005941	1.8563783	23.0441688	25.2802255	1.7970921	28.6999934	12.2652464	29.5010164	8.0680624	9.8034425	9.881989	
0.9500437	15.9817409	34.665782	-29.1242478	9.600853	29.5729235	0.3099103	28.8158529	27.9062543	0.7946682	29.8574414	5.0177018	27.6039753	9.5695371	9.6072183	8.4294922	
0.8621862	19.7647706	28.4384735	-36.3920942	19.3609351	26.7598049	7.0011959	28.5973239	27.2511688	8.6273723	26.3070153	10.1690254	28.4593377	9.5676286	9.270644	6.0926503	
0.6172519	28.7043812	30.4350255	-26.8229975	15.8744713	28.3151302	9.9962183	26.9695749	27.5519992	8.9522201	26.4063916	8.9582675	28.3579177	9.1171326	8.6613181	9.7612593	
0.7721629	17.7836134	31.8983155	-22.4343842	25.1049277	25.0952504	15.0532155	29.0332005	27.3059002	17.0638564	24.5892807	14.4424724	25.5144769	9.5064018	9.6224956	9.4786027	
0.7202288	14.2686394	35.3193206	-2.6405449	15.3146897	29.1822684	6.0032674	24.143397	22.2380873	19.1789682	23.0768388	19.064653	24.0245574	9.8368797	7.409955	8.3443508	
0.5928331	27.9169423	28.7670773	-28.7556973	25.1432709	22.2176219	17.7183735	20.4870054	22.4387965	7.5411449	29.8564047	19.9805951	29.5573483	9.3832832	9.1575742	9.682419	
0.7447488	-1.0848406	32.4529658	27.8595783	21.8211854	25.3605975	14.3826379	25.4958906	21.0767062	21.7513768	9.9969514	6.149967	15.055838	5.1615146	5.488078	9.2888506	
0.7005159	17.7901274	29.1085875	-22.4532935	21.374624	24.6559146	11.2547839	23.3827249	25.2708904	11.5662805	26.7398298	9.177383	26.8838686	8.0067047	8.3386014	9.7854661	
0.8874554	34.8441156	30.4418896	-23.5727375	21.4034429	28.1279327	6.2149811	29.4984641	29.1026183	15.021907	29.8659935	11.1104525	29.4210047	7.7046775	9.4072653	9.5749777	
0.8679314	19.5217525	26.7194737	-29.2885401	14.0124991	26.1010644	7.0782212	25.6533165	26.744804	8.8604526	28.6387957	10.0022151	28.3348688	6.8211468	7.9883009	9.286074	
0.7827674	14.8265276	29.7462112	-27.8652579	16.296506	28.0022094	10.7022796	29.7353722	27.2137156	6.5420413	29.6804332	7.4845024	28.193547	9.2335034	9.9702022	9.0746408	
0.8011653	21.6352232	39.5365074	-29.647584	13.0411331	29.5252741	13.0670947	29.4307161	29.9693972	5.6136783	29.9287684	5.6624929	29.2353885	9.5331238	9.9986933	9.3356878	
0.5725544	-16.6645771	-0.550543	-23.4126679	20.3954016	28.3188525	19.5564647	19.4132082	29.6084402	27.2247935	27.238399	25.4723689	29.9469058	9.8961408	9.4927596	9.6117808	
0.4582892	15.3902543	23.9808623	-24.0251179	18.0542356	25.1110156	12.6597387	25.9261338	27.0076376	12.414517	26.0189797	12.6526559	27.7680732	9.0502419	8.476613	9.0069328	
0.7860154	25.6593433	19.9055394	-27.0569463	3.962637	21.8967191	6.0088712	26.1559562	27.5911347	7.4866742	27.174827	6.2686386	29.4799817	8.9442646	9.2485404	8.3252724	
0.8110673	33.0523459	34.1135698	-28.9645596	15.3730873	17.6655172	11.9913237	26.4438618	27.9153839	11.9804488	22.2425824	18.1672119	26.7151471	8.450372	5.9117509	8.1870369	
0.2951119	-14.9105804	33.6707793	-24.7671395	14.6514643	20.9325269	20.1773975	18.6940152	20.501309	12.5732723	24.135977	10.6637334	26.2364392	7.9321867	7.1116208	6.1087666	
0.9509421	20.0025896	33.4327075	-34.9291813	12.4056513	27.1984899	20.3548073	28.7368124	26.8778726	8.6631438	29.5837426	13.1599239	28.9173898	8.7877264	7.9233785	9.4469022	
0.8745864	34.4810559	30.9422672	-37.3316732	4.8668667	29.1474687	22.1643092	26.426722	28.6893027	4.789808	27.6316091	5.412252	28.4454126	2.4686859	9.7572235	9.3121097	
0.9893115	36.2310549	32.2926646	-36.9335419	6.590922	29.53415	23.3579909	27.9863502	29.5104787	5.7290248	29.9134977	6.7557087	26.8096069	3.4072526	9.8423363	9.3619474	
0.7581908	20.128013	33.2570687	-27.0435803	18.7428438	29.5223332	9.379937	26.8160703	27.9634932	12.100502	28.3527893	9.0408716	29.2928776	7.9307924	4.1122991	8.6111105	
0.8808795	27.6770263	33.4721315	-26.8422809	10.6419314	27.7341883	6.2475011	25.4459725	26.9515326	5.9673555	24.7836936	13.1304116	27.2017751	9.024897	1.341695	8.0764946	
0.5148708	14.2242549	18.7910815	-16.3909146	23.0872565	12.3306589	13.0782644	11.9849109	15.5694941	14.2227906	27.4874373	5.0870485	14.9937825	8.4994227	7.5742741	8.043691	
0.4627939	17.6926013	17.1176232	-32.4224076	17.0882828	28.545106	14.5080574	28.2639467	29.1349247	21.7786887	29.0438161	26.5163155	29.1063073	8.9869256	9.3781355	9.1461758	
0.476715	29.2363449	27.7228856	-34.7320226	25.5066422	29.5515334	15.1336314	29.7679767	29.9265103	12.5260167	29.474059	18.3907643	29.8380051	9.9408472	9.5427352	9.5588389	
0.0949913	38.9782369	38.7008115	-32.3252109	8.9074117	27.4404865	8.8098455	28.5950877	24.8573726	7.8436967	29.7532034	3.7789542	28.0498112	4.5388883	4.7891925	9.6709924	
0.1472114	33.8934775	33.0213932	-17.8730619	2.8631122	28.8597774	2.2016155	28.4974609	24.3758337	7.4926966	17.7767041	5.8878315	24.0802253	6.0239621	9.9020254	9.9355564	
0.8296644	35.4617544	28.9309565	-21.4488954	4.0923161	25.5186532	4.4407587	28.1577313	25.4686531	7.3659775	20.9540296	6.0199358	26.3162298	5.8233481	9.2873631	9.8552847	
0.8360949	35.9444125	38.5713692	-10.1013156	6.6298595	29.2671456	6.6053936	29.7194303	29.0070555	7.0476301	24.169194	15.7218871	29.5367049	9.8077152	9.1727549	9.6201291	
0.79295	19.7699333	31.4919001	-21.3788688	21.4666974	26.0318843	11.9365248	28.9672739	28.1176325	16.4607858	25.7613261	10.2876114	29.7448305	9.7908842	9.3125637	9.7310453	
0.4697412	19.4905167	27.5676077	-22.388539	10.2528222	22.5790899	6.4306676	28.0644233	25.676356	7.1380671	26.110337	9.4328876	25.7717301	5.5838478	8.3924388	8.909192	
0.9820247	-12.8478651	27.9766577	-39.5730581	26.7002364	21.2639669	26.4366859	16.4353491	27.4656515	9.5550747	29.1227327	1.858427	29.1182852	2.8926664	6.6800002	7.2221164	
0.8589678	33.7392525	21.6692149	-28.8241166	20.141556	15.7845027	5.2383521	25.9198568	29.8501831	16.1748739	26.9517852	15.9895845	27.1598459	9.6591361	9.9970263	9.4913246	
0.5670104	25.486209	26.2998857	-26.0496689	7.5287458	24.7742098	4.6273479	23.7561265	23.8780433	12.9045288	26.4672064	11.8562953	26.0343939	8.8271189	7.3518841	9.0608679	
0.9314917	10.8430231	32.6822542	-29.2766147	20.3695865	27.0961981	11.0884364	25.4562531	28.9885168	12.7067681	29.2452781	15.3495701	29.645341	8.7619279	9.7102689	9.8168915	
0.7141972	24.0720533	35.1679021	-28.9449441	17.8179335	28.481839	18.4196005	28.0278487	29.1610151	9.2236816	27.9194943	14.1759961	29.2531857	9.9309875	9.8676067	9.4608721	
0.9514036	31.9869316	39.4407787	-32.4877142	5.3035793	29.1241375	28.2696879	20.4668074	29.1929673	2.688814	27.0315089	1.8026725	29.313108	9.6206775	9.5946264	9.6941908	
0.4502486	-1.1265319	9.909037	-16.169387	19.1270403	19.6850005	15.1328637	21.9244417	25.4990745	15.2643951	21.9733966	7.2749787	21.118338	6.9528	6.7184522	7.7679574	
0.9958448	27.5105193	38.3611961	-23.6082514	17.6888412	27.504974	12.3697983	29.3120474	27.4489225	5.5099	24.1585635	8.5415068	29.5405969	9.8337919	8.4541403	7.9361342	
0.5516656	23.3916428	22.6943458	-32.0296654	8.5491192	21.8278155	12.8893155	23.3470843	25.5110639	9.7333838	23.6947984	4.2399382	26.1459949	4.0434381	8.8258123	9.6367372	
0.6795	33.3699174	32.816293	-30.4419596	20.4094477	27.3573278	5.5216014	23.2205745	29.3400954	10.6433459	28.0936921	14.8023322	29.3918537	6.6011627	9.32015	9.9594539	
0.9419071	36.1950776	30.3964763	-21.1113412	23.7505036	29.7482811	2.647746	29.2066242	22.5527407	4.2228258	29.4290588	16.1938734	28.4246602	8.7428608	9.5224589	9.2132832	
0.9520087	37.8626036	-3.048152	-39.1325726	27.3102005	29.8597656	4.1429514	29.452995	29.7694719	7.0925143	28.858896	19.9558157	29.6837393	9.3425957	9.7948318	9.6324467	
0.4100514	32.7303182	36.9905583	-33.9266956	18.2403327	28.7938949	4.4670851	27.3237075	28.9205194	9.540649	27.7159625	7.1753957	28.8671852	6.486673	9.7076723	8.0702671	
0.8335783	37.7071259	32.5941597	-25.7191382	18.1820133	29.1691851	10.3276528	29.9630469	29.1813648	13.2388196	29.7609126	11.1482155	29.8533506	9.6874093	9.43105	9.6136864	
0.9348896	8.463075	10.2963129	-34.683389	24.3941933	22.7458787	9.2038221	24.9759987	25.0154218	9.7143563	25.2205238	7.6538671	25.4157392	5.9467195	7.3662955	7.0820043	
0.2631419	-16.4332275	-14.0377235	9.8911255	29.7741693	19.3281649	24.1772498	11.1391933	12.3939236	14.0468815	8.9696967	12.5372898	18.5879952	9.7535594	2.3999703	3.4456786	
0.2299322	-5.9244912	24.810277	-25.6661716	26.5972471	26.8595684	6.6813984	23.6687977	11.2139028	15.9313699	19.8893367	3.4664055	23.023377	4.4523081	9.6452328	8.4275949	
0.4823402	16.0398191	32.6758148	-22.9196231	20.6627244	28.0341619	10.306127	28.3359135	26.1341111	12.7160516	29.2948102	8.7473482	28.8963208	9.8418451	9.6687503	9.7760478	
0.7290673	29.9897714	35.4426626	-22.7994519	6.1877883	15.0432211	19.2333261	20.7719691	29.0912991	11.3016639	24.6873104	11.9557498	28.7889484	5.3703034	9.9074374	8.8027114	
0.2036217	13.1599235	34.6726262	-34.2582077	8.9741076	26.902574	25.1730479	28.5421321	29.4114863	8.1815438	29.5029501	12.6755586	28.6261042	8.1637458	7.893623	9.6930584	
0.2455109	14.5694279	20.0656124	-27.5559343	28.9113088	28.469976	12.5717073	27.4504636	26.1008672	12.5427333	27.8329631	2.9831457	23.0275955	5.7252114	8.8124818	6.6424355	
0.6731238	28.7901854	31.7848373	-25.2267879	15.6721223	29.4722599	13.0878266	27.687747	28.6516896	9.5588804	26.4897866	8.7524282	29.2436875	9.3150995	9.0642837	9.8991964	
0.3756492	27.8412373	25.8324633	-20.4201954	23.7495742	28.8531505	8.3334673	28.8451246	27.5428228	16.270617	25.1731543	13.8339859	27.608589	9.3031061	9.4787785	9.3047562	
0.600289	0.2596701	19.8494746	-0.4265066	26.9156117	29.7990511	9.8311488	27.4923026	29.0714736	20.679784	28.3673936	19.7094569	24.6999975	9.5302718	6.7059623	7.344247	
0.2762833	-10.6240974	30.3460269	-23.0397609	25.6521783	29.2190245	1.4449444	29.0985733	29.3854376	12.6301425	28.9247095	10.9688837	29.706386	8.8474546	9.5788196	9.3275938	
0.736958	-9.2020721	36.6581069	-25.0364624	28.1970934	29.3360703	9.2865217	28.9954126	28.7778167	16.2506501	29.8681996	15.4649492	29.8513714	9.8751478	9.8938641	9.7709029	
0.6398515	24.0545415	35.383301	-37.6776316	21.315073	29.4174227	19.0915693	27.7663033	29.6574379	0.4980318	23.5614052	2.0297195	19.8060869	5.6088956	8.3804596	9.1315827	
9.364E-4	38.0577914	39.4340749	-38.7287027	9.6326264	29.9752291	27.7241016	3.781166	29.8027623	2.0294437	20.7061498	18.4596085	29.995399	0.7884299	9.7643265	9.9007954	
0.9062679	39.1187056	38.4861846	-35.4365894	17.9048935	29.9106331	27.9991947	14.7293231	29.8367036	4.2357922	25.5078351	18.3865179	29.6351829	3.2808634	9.7196191	9.9021338	
0.2081856	29.1598672	22.4552647	-26.7953335	18.444793	28.5850543	13.1064977	25.8808142	26.8745157	8.0562057	25.6743126	11.9275179	28.0807291	8.3482708	8.2529259	8.8699994	
0.2084935	18.3271891	18.8226629	-16.2596652	6.3100327	28.3023668	7.953967	22.3462302	18.7689551	7.9575611	28.1981049	14.6256055	26.1365762	8.640252	4.0807838	6.8617988	
0.7273305	26.9405875	13.1144601	-17.2283553	15.1054116	21.0096524	9.3948221	20.0275512	21.1671184	19.2648354	24.2988652	13.6923163	29.3909692	5.7226654	8.1589577	8.9563479	
0.7051592	22.4321655	23.6179197	-21.3283119	24.0994465	22.0718823	9.9392263	21.0809836	24.0805587	16.3104394	24.4584999	11.6423214	26.1361622	9.8333121	9.1025986	9.4673595	
0.9173516	-36.7794243	32.3778685	-39.8166383	4.1604292	26.5725431	24.9342132	27.4142612	26.4498719	22.9585241	28.3087289	4.6572409	29.1433116	8.3007211	9.5374385	9.4198865	
0.6553355	35.8000222	33.9531761	-31.4230134	5.5014712	27.7474969	2.4266143	25.4746101	29.2086384	4.211616	28.4393574	14.2722615	29.7450004	6.1073317	9.2663514	9.3660221	
0.6222394	20.40603	25.8709078	-31.2786602	14.6673176	21.5987213	10.4197312	18.6549806	24.9280196	6.2889565	23.1947442	11.269545	26.8670116	3.7198489	7.5397781	7.741004	
0.738546	3.3983721	11.3840444	-24.5631067	28.380935	29.2995274	18.4317868	22.8675042	29.4346053	21.5152352	29.65942	25.823221	29.6525751	9.8753356	9.8271311	9.6285527	
0.2988531	-2.5693921	19.8004996	-7.1797797	17.8198384	12.4600479	26.6724539	13.1339718	28.2440407	14.3903522	14.7735287	23.7982548	26.1110027	3.7449803	5.1240849	3.7202566	
0.688061	26.8141844	34.1522352	-28.0658623	5.7305197	27.2000672	19.7513396	15.7229477	25.3702047	10.2616614	28.1237031	9.3476796	29.5038842	5.2855665	9.3804817	8.4761807	
0.0680831	19.7980711	34.0200801	-34.7961899	2.9369413	22.6251686	4.7696815	18.5656214	21.3882294	12.7079074	27.4142227	0.5708154	29.767519	9.5387304	5.9420571	5.0317435	
0.269476	2.2597065	-4.1686889	-15.2091211	15.7941344	22.4292497	18.3270437	19.7299857	26.8004261	8.995023	10.4571448	11.7943258	16.2895547	5.079851	4.9220257	6.9012635	
0.9539865	31.866441	38.1278114	-34.6152229	2.5189292	24.6325123	25.4439271	29.4566668	27.6433284	7.933658	29.299268	25.7537859	26.8081575	9.9767846	9.5036653	9.5129846	
0.5496997	29.2282211	37.222952	-23.2569988	9.0329244	25.1678928	24.4939774	28.9130446	27.6355924	3.7649764	29.1504219	13.7154903	29.6412909	9.2419088	9.2475726	9.3084459	
0.3571529	31.8049593	28.0350452	-24.6710319	16.2367915	28.9172171	18.9890985	24.4322363	29.1903207	10.4264259	29.1667752	15.6295825	29.3540309	9.2060371	9.6252816	9.1506327	
0.4021476	27.3961781	27.1397806	-26.5115151	21.0245841	27.1273969	6.7059487	20.1800319	25.4098315	6.6904077	28.8625938	3.7744151	27.6345573	5.760153	9.0200059	8.6211893	
0.3704021	33.5733933	30.0546388	-27.744704	22.7263178	28.9848987	7.0483162	21.0947667	26.938982	3.7363913	29.4251755	4.6323664	29.1155064	5.215268	9.2567019	9.4940141	
0.9958083	15.4534452	33.2996274	-35.7930009	19.97689	27.3954458	11.406167	23.6065371	27.6664836	9.9871115	27.3703878	3.4048032	27.8437218	6.2563036	7.7308847	9.1029153	
0.6930003	14.8002107	31.3743857	-29.3029797	18.6274652	27.6886968	8.8975723	25.379899	27.3575869	11.3858516	26.7295214	8.0128857	28.4842255	6.3973181	4.071975	7.9360118	
0.366117	19.0939274	-14.2227806	0.7208178	17.7821995	7.7723221	15.1732784	16.0628085	9.6158662	16.6616608	21.1416975	25.4317925	28.6852002	7.8920432	6.8916041	5.0852287	
0.8393192	35.1396449	39.5869883	-21.5090291	12.334711	29.3108566	9.2613624	29.6292071	29.3383078	7.4848562	24.2239939	17.1673983	28.512227	9.4620322	9.5592141	9.6102127	
0.926678	34.7651117	39.2243121	-36.147563	26.8486908	29.7891977	5.1124922	29.3432191	27.6669989	9.5876615	25.1471452	12.2218326	29.2303079	9.4741574	9.3099025	9.0875659	
0.2415309	33.3565931	34.2632627	-25.4319342	25.5780233	25.135689	10.8912993	25.2756642	25.6509892	4.3726554	26.8934128	6.1833746	29.1761995	9.479078	9.5798148	9.3273152	
0.3750154	26.4819442	30.9885185	-22.0688969	26.7552196	25.2496065	9.3645372	24.7681352	24.4839101	9.2912217	26.6449973	9.5107075	28.7438142	9.0802672	7.9341785	9.4879621	
0.6332985	-38.5100732	-22.2243239	-33.958209	1.642643	4.8590376	3.4183644	9.2141997	16.2077305	0.103407	24.4521375	3.2287385	15.106035	2.6411711	3.1129654	3.8459535	
0.7291495	7.1183688	36.3182233	-23.8870669	21.4620467	25.4203542	14.8352895	27.3769485	29.7316414	13.8908642	27.7391094	11.6101233	29.1916805	9.7367559	9.5615654	9.6285745	
0.9468228	10.3455904	29.7772588	-28.7490679	20.8099406	28.4950695	14.9110707	26.8768706	29.7939684	11.2369785	29.748696	17.7055479	29.9071644	4.686537	9.6466138	9.9079028	
0.112193	34.7218618	21.7646279	-35.4080193	26.0636965	29.4809471	1.4127428	28.8248312	28.8805028	7.1679322	28.5437685	15.5881508	28.4663639	8.7410577	9.6604271	9.6326067	
0.4039328	23.0709771	14.3215515	-26.3859746	20.583107	27.1424813	13.7906082	26.073411	28.2471961	17.8592509	27.8718167	12.6916156	28.9136262	9.7799527	8.4807924	9.372816	
0.6853995	1.8896875	-26.8033171	33.4816444	9.426783	7.098044	26.7094603	13.175149	20.8123738	29.2553713	5.9373694	8.2980899	11.2750742	5.5377308	8.0923946	6.328184	
0.1496874	39.2095832	-7.6321283	-39.4840561	29.8483478	28.4358397	9.286361	29.2714344	29.9767501	15.1742257	23.7493715	17.7131394	29.8029775	9.6081591	6.8322993	9.9711647	
0.905754	35.5989539	-38.95604	-34.750356	25.6700668	24.5821962	10.8952785	29.881277	29.5570477	21.7424863	19.9914116	24.3691529	29.6510412	9.54638	6.8388671	9.5174323	
0.9417754	31.8451022	-23.8953493	-28.0806559	28.8766511	28.1887945	13.9167575	28.6061774	29.7468472	5.3996021	24.8789824	19.1860853	28.5345891	9.568315	8.1107813	9.6286926	
0.2416497	8.761169	0.5902473	-2.3019037	20.731901	22.8314071	8.0597028	18.5686945	17.5387412	6.1335835	18.0264941	16.1343785	14.8849765	9.9531001	6.5284141	9.1421065	
0.5422486	32.6587632	24.811857	-28.3344956	12.9917146	27.4202948	9.8938229	28.2300783	26.3879352	8.6920979	23.5291721	8.6084805	26.4060349	7.3488862	9.0860818	9.1913071	
0.1454039	22.997207	35.8417048	-26.7509524	10.5272345	22.2568968	16.176078	28.0321804	28.9743734	1.8024985	28.2788823	17.5550631	29.4613046	9.5802099	9.5426808	8.6157864	
0.8593195	26.6988046	18.48557	-15.1561294	8.4079144	21.090033	10.8572511	28.8942029	24.7874176	12.7478047	25.5793188	16.9750864	27.1255152	6.6475207	9.4113133	7.2407494	
0.6012746	8.0368031	30.959143	-27.6988629	7.1635298	29.6863727	4.9770713	26.6301374	29.903948	5.010176	28.7387388	24.5896485	29.9439688	9.7643376	9.8835907	9.8176397	
0.7455613	16.0057372	24.7573145	-28.0806623	12.7093949	29.2159317	4.5029621	26.3370734	28.9847333	4.1522247	28.6835474	18.2409974	28.8874906	9.7643376	9.0253758	9.8176397	
0.3613029	26.268521	-1.8373657	-28.2818375	15.1145894	28.9378788	1.9581507	22.9669187	28.7249657	1.9894937	29.1696865	23.8274499	29.558676	7.7264547	9.407309	9.7966437	
0.2562731	18.1364723	32.9923851	-36.6005632	7.2866747	22.7742201	11.0596412	29.0327065	29.6259591	8.064718	25.1272861	5.3651804	24.6173121	6.5085882	7.7432153	8.7386273	
0.4388554	21.0517956	34.2691988	-35.6693961	9.9429649	26.2161466	9.9583367	29.6288038	29.6342486	6.6400984	27.7563461	5.7550508	27.4525881	8.0726056	9.7713341	8.7791092	
0.6541719	-7.6147607	-3.1294161	9.1773708	14.1792507	20.6264125	18.9168246	25.0148281	7.8756447	21.070497	8.7072805	19.1708975	9.1177619	7.6700531	5.2246156	7.8730146	
0.5064149	26.9624868	32.5132079	-27.1698353	10.4448045	29.791458	6.2603787	29.046548	26.650939	9.2355903	25.5673139	4.7235882	26.3239147	9.7227445	8.0690204	8.673112	
0.6399079	21.3835316	31.4374923	-25.8753504	21.7071496	22.4995701	11.5224114	22.0800945	24.293033	5.3591939	25.8473452	6.9921621	27.7292215	7.9655542	7.9309533	8.6839734	
0.9612503	21.3811914	34.2962389	-32.9894899	11.012589	29.3455354	24.1717796	27.5980415	29.1826521	9.1543217	28.7263598	15.8546492	29.5444564	7.687349	8.4846507	9.9879004	
0.6656136	8.2700461	14.4464831	-29.5837429	18.7039815	24.5683506	7.8595308	25.3654601	26.6629652	7.6517728	25.9178086	8.0581447	28.7400871	8.0148027	9.8180054	8.5998547	
0.5596166	22.7711466	22.6474819	-20.0198305	19.9030982	26.3712646	11.6416775	21.7177524	27.1357245	18.7847941	27.8706362	19.3151122	24.8907948	9.3011088	9.5802511	9.7331632	
0.7915288	16.6645933	12.0957031	-13.9447778	28.2306626	24.6052712	6.5080789	17.5786023	27.9544363	13.9722234	24.054464	19.6025507	29.3091928	5.2677839	9.5452301	9.2833134	
0.8436897	6.118398	8.566685	-4.8553117	25.1287134	19.9198939	7.4404431	19.0512967	25.9713952	14.9385465	24.8014951	14.1304236	27.0544938	5.3080834	9.578524	8.6227639	
0.313397	-17.957097	33.5284275	-34.8540904	6.5823587	24.0589914	18.5988395	25.3860339	26.0087378	13.1140978	28.7937284	12.3982822	29.1555242	4.9289927	8.0420483	8.2288093	
0.416782	27.2679889	37.7091084	-33.1105831	12.9921115	18.4794095	2.3048904	11.4477033	26.9196149	3.5671336	21.107433	8.1327149	26.7967869	2.0387059	9.5162666	9.7715521	
0.2070312	36.474772	33.9496738	-30.1264267	18.3697103	29.352383	21.4321867	29.8457758	26.4094755	7.080535	28.2678304	5.8220203	28.2798586	9.2230958	9.8305215	9.9830893	
0.890305	38.2678015	32.3079772	-34.9031551	13.3907733	29.6876529	7.4829716	28.5912367	26.3181499	7.671871	27.6403292	6.6944856	27.1818839	8.8474106	9.3115925	9.9161774	
0.5631055	28.5805524	34.7399758	-36.7844133	14.1816846	28.7009182	1.3860629	25.1268081	29.0905367	11.5975294	29.0633831	9.945768	29.3161525	9.3514989	9.0692452	8.6098126	
0.595091	16.9748643	22.602631	-13.0666675	19.4962382	23.6216455	11.6105162	21.2392912	25.0147674	18.8327115	26.8419281	6.7680073	28.4928755	6.1753722	6.7731535	6.8568951	
0.9453499	3.6470251	39.6698334	-27.9490986	8.7318157	17.9349861	15.4043898	29.2716446	29.1805394	8.8659387	28.7704122	6.1171017	26.211978	7.3091495	8.2058337	8.5824077	
0.4734591	35.071678	33.23757	-31.7002296	5.4377747	29.8543728	14.6151686	27.6465017	29.1085911	9.3723978	29.0837813	5.7753561	27.5028736	3.6931188	9.7121272	8.3176857	
0.9433548	30.5097549	39.4613215	-32.2761175	2.5465953	29.4948571	20.4661981	29.7923105	29.3018276	12.8319974	29.2010313	5.3066506	28.5514313	3.1392489	2.8612545	9.9144973	
0.5171969	8.7459864	26.6133993	-26.5909512	10.576814	21.1377349	26.1362225	26.8524393	26.8679667	13.4601288	23.6185976	14.2802428	23.4730304	8.2201868	7.6505782	8.2612503	
0.4496348	-11.1827419	-3.4211366	-18.8853049	12.8744485	12.5724099	20.9411618	16.2890082	17.8860758	23.7763841	24.6138265	22.0643542	19.7055304	6.8884035	9.6698375	7.1656956	
0.3618941	15.2105054	6.0808774	-9.3218311	19.7699663	28.0298494	12.0853784	29.2584932	24.5287981	6.6790588	21.2237957	8.1746545	29.8905167	9.4145871	9.7864963	9.3579681	
0.8060441	-14.7491154	2.001674	-24.4425141	24.6484971	29.2580488	2.4489527	12.4706757	26.4022472	29.3467441	29.832868	26.802535	29.7238819	9.5207838	9.7536599	9.6122811	
0.9471986	20.5163322	29.3394215	-34.0281253	29.6050596	26.5370526	3.1535148	27.1995155	24.4248139	3.9453324	29.5681857	25.768495	29.8486275	7.6072444	9.8691059	9.2466061	
0.7637952	6.7899492	27.9364543	-35.1616912	29.2057648	25.3673376	2.3031488	19.5162853	23.150349	5.2549594	18.435696	18.009792	29.002273	5.9202002	9.8691059	9.8302572	
0.0654223	32.8712293	24.4771786	-39.2425907	17.5293681	28.1117991	9.2537154	27.4540641	29.7061721	7.0797821	28.6237765	8.8545845	28.4432587	8.8411946	9.6772819	7.7974072	
0.8559921	14.7555917	12.5555917	-29.7805801	29.3700609	27.340235	7.5327144	17.4411944	22.2120782	13.4090976	28.357428	16.2105845	28.5079955	9.6685554	7.2709795	7.5177756	
0.5254614	21.5216022	31.2208989	16.4937324	1.5538346	17.3917227	4.981714	10.6656754	5.1559158	10.292541	19.3504525	23.9584895	28.6736035	8.2483489	5.0204208	9.8868695	
0.588329	20.5190506	24.7716838	-24.9772318	13.8735305	25.8413989	15.3175429	23.0799222	23.8868441	7.3354935	23.7836282	13.8834346	25.4360966	7.0538711	8.9406629	9.0529177	
0.9212594	27.2443445	35.9622022	-31.9643694	16.3187093	28.6334535	12.6878242	27.4211782	27.7799378	8.154887	26.5618347	6.4410829	29.4669344	9.4960377	9.682142	9.6930184	
0.1364655	36.3021488	29.5201351	-33.5447106	12.5156117	29.1547961	8.1088135	26.2836396	22.7543846	6.3687253	27.3186925	15.7627075	29.1310182	8.7654503	7.4893217	9.4752144	
0.7457534	36.4778504	38.0634338	-37.6234724	5.1031033	28.3668244	2.6136625	29.4824024	29.3966248	5.4847231	29.7227222	0.229518	29.2372738	9.476173	8.9395962	7.8348385	
0.3578812	2.4962332	32.2462721	-37.1424225	6.4079171	29.4722873	19.8167599	22.5599856	27.0515711	7.3933759	29.5424836	7.4521546	26.2496921	6.1939257	9.171024	7.7703747	
0.8665586	38.1660501	2.2773012	-35.2836573	29.1469393	29.6611736	14.3601112	26.3773664	29.6995001	23.3638768	29.2227048	26.9737375	29.6127013	9.9515227	9.4531406	9.258338	
0.7879294	29.6239735	28.170104	-22.0861635	21.4126306	28.4057055	12.8503696	26.6634914	23.0562737	14.1416941	26.1362124	4.6666262	29.5707196	8.8863712	9.6293323	9.6105421	
0.7919392	10.290823	28.6472841	-24.7179414	4.3610426	21.558592	17.449605	20.556742	23.4356535	5.7289613	23.8606526	5.9530294	29.3931604	4.8287932	7.89713	9.6686799	
0.8559096	2.1191559	29.6418497	-29.8293236	25.1870825	19.3153686	16.7188993	26.8734983	22.7761044	21.60305	14.1522823	12.805224	16.7885422	9.2618103	5.3674787	9.8136586	
0.9068147	15.5278349	33.6068237	-35.8786656	24.176082	28.0186941	18.0390571	25.7189861	28.3914227	8.9489446	22.2594453	14.0684146	28.3904651	7.8386763	5.635538	9.029991	
0.8942897	34.8140194	25.8525475	-32.231795	13.6590962	29.1543058	18.891518	28.5928639	29.7439529	5.2673271	28.3415428	19.0445953	29.7625087	4.1974308	9.2249002	9.2938714	
0.1836287	37.8602266	38.2403319	-25.0485551	16.2639512	27.2924985	6.5293882	28.9355732	24.9609092	5.0243017	20.7570443	6.7994197	28.5251165	9.5833756	6.5661697	8.86148	
0.6944627	13.7334621	38.8614348	-28.3488165	7.5445398	28.3072083	14.3673445	24.4805509	28.6199445	5.3245628	26.2334541	9.2270586	29.5385963	8.0434008	7.7788469	9.7088708	
0.498099	26.429193	24.3412014	-30.8688404	25.0026095	27.2890499	18.233049	25.7203189	29.6887821	29.617379	29.7805457	18.107624	29.2020846	9.7531383	9.4119863	9.3126403	
0.3616805	30.5333105	22.9763114	-24.3688717	29.3796353	29.6281875	25.1306782	25.658776	29.7664716	12.5433658	29.4830279	21.4921026	29.5370455	9.1160497	9.329359	9.5510623	
0.9466093	39.9715495	38.8980239	-37.6912062	1.2452976	27.4948024	7.3034941	29.5087	28.5954335	1.6043355	29.6952644	0.6177737	27.8790731	8.6429733	9.1344111	4.9151047	
0.5871887	23.6174433	24.6375636	-37.2382727	6.7535375	29.343224	5.9292212	18.1608399	17.6013252	29.6405304	25.5504046	3.7741533	29.5676445	8.6076174	9.3616352	8.9120079	
0.2514625	21.718076	24.9058222	-20.8383042	23.4333654	22.4539346	11.2333601	21.8781315	22.1510387	3.7341413	27.1295208	6.3438413	29.9783231	9.8146993	3.6888988	9.9898403	
0.6673366	0.7581672	-5.3133646	-3.8072563	18.1660256	23.1062128	6.9585675	12.0141896	26.8855407	11.3945543	29.6292787	14.4841534	29.6322608	7.1915448	7.1232301	9.0852524	
0.9933123	31.1924877	32.8528106	-23.9461459	26.4599697	28.7331205	10.7511864	25.9203971	29.7739414	2.652363	28.9367532	13.9018464	27.6298575	6.5437861	9.8180918	9.7392241	
0.9962434	32.6918241	31.6226857	-36.5924195	4.6094839	29.9069314	2.1577334	28.3891444	29.2719764	1.0515803	28.2843738	3.4206448	29.3275139	9.8668514	9.4792717	7.3148285	
0.8815019	30.6148904	31.1064314	-36.0542662	10.273049	27.8915887	3.1611974	29.2986257	27.642592	4.3239629	29.3017302	6.0817442	28.4625172	9.5153338	9.6593499	7.1181429	
0.6559993	27.2163818	28.4327576	-33.0572046	12.2760163	26.7465372	6.9792241	26.3751047	25.2863749	5.1168189	26.2989243	6.9266122	26.2309776	8.7968027	8.7332914	7.1395101	
0.5041164	13.8181941	19.3481647	-22.5673321	16.5815104	29.0109905	18.572412	28.31808	28.0029797	11.4430479	26.5171346	10.1898545	26.1314005	9.7883106	9.8312017	9.5198702	
0.6614807	18.4560062	21.243498	-26.0789725	18.0780787	27.4934345	12.7572085	27.6643456	26.5867034	13.1179665	26.240004	8.6716155	27.240916	9.8383715	9.4942641	9.7396386	
0.5850351	10.6940868	26.9379487	-24.9912024	12.4454345	23.4128544	18.6930999	23.2402683	24.9925034	14.3407853	25.5896834	12.0282364	25.9846277	7.873182	8.3298948	8.2231395	
0.6146339	14.8092248	25.8967824	-28.3475042	6.2448601	23.8720407	7.5927792	17.2064182	28.0958294	8.4447062	27.4294815	7.2850861	28.0583861	8.7645066	5.7069833	7.5249954	
0.4189084	11.1513797	20.4512053	-31.5385044	17.8245406	23.8586689	8.4923376	22.7135712	25.4447573	9.6979104	25.3744389	11.0245913	25.9505443	7.6031497	8.066642	9.2517037	
0.9585676	36.9104458	-22.5100917	-32.3046813	29.9607362	28.8190145	13.3722475	29.3311926	29.8846775	10.0565425	26.1869139	24.560059	29.5664092	9.3751264	8.1358834	9.6173773	
0.7997337	30.0147507	-15.4314822	-24.2882886	29.2784852	29.673711	17.9560983	29.9110085	29.5263929	4.1810848	28.0511223	13.0235357	29.9320254	9.1825304	9.5493187	9.9287797	
0.9282854	-1.4821606	34.0710527	-20.3494727	8.7006369	19.6243298	13.8843671	27.3054727	25.9293829	9.3303233	26.416322	10.8773455	26.0969723	6.6415274	7.870825	9.7364484	
0.9314433	-1.1125933	35.1156045	-22.8026321	1.2912786	13.6894647	13.7019277	28.3732631	24.6956108	10.2345504	27.2556517	9.0684294	23.4928153	8.2261524	6.3063014	8.7792679	
0.105649	18.269948	35.2783934	-31.3192495	6.8398014	17.8641631	12.8655301	27.1275866	26.2365165	8.2190931	27.5054704	6.8777378	27.1641749	3.7313612	6.8643873	7.3605883	
0.5064373	12.8318958	33.3592618	-25.919144	13.0490228	23.950434	9.8792115	23.1325499	26.5965431	7.740831	24.9665285	8.4593006	26.7658952	7.1622706	7.7389882	8.2738129	
0.1082404	-5.6950037	36.7220714	-16.1778797	19.9569363	16.159006	11.5630407	22.8993526	26.2597142	8.9850414	23.3001915	4.2378799	25.9663251	6.1139601	8.8668683	5.2698453	
0.4978465	28.5800156	35.395521	-25.1478225	14.9112825	23.9289762	15.3213277	28.7751145	29.0282394	7.8191297	29.6233816	11.1607648	28.8360065	8.3602741	8.3215683	9.5073255	
0.4869373	34.0590388	39.0813022	-25.8743319	14.2771561	24.0246148	16.1536697	29.7573753	29.8523349	7.040277	29.2205764	13.6980836	29.7208307	9.75869	9.5991274	9.7865528	
0.6638688	26.6511777	20.114472	-22.7956525	25.1144373	29.5852055	13.3252403	13.6270529	14.2354822	13.0227212	23.0045643	8.0219553	29.5118439	9.1759286	9.3038855	8.9314285	
0.8393799	11.18114	8.7812102	-28.163171	7.0982336	22.0886971	12.0334124	15.9207928	15.825153	7.2951258	19.0162099	11.6992565	28.1374807	5.5054992	7.705413	9.4020386	
0.7024287	14.0728574	27.7785402	-30.8255579	8.3839804	25.7644161	9.0470111	25.6869528	25.9434389	9.3251879	26.1158617	9.1377717	29.3092589	9.5330122	9.2442952	9.7674765	
0.898579	39.3481544	39.4176388	-33.3999975	3.7663251	29.4976739	14.296105	27.9068575	28.4197878	3.91884	28.7493643	4.982421	29.246888	9.5271802	9.5568967	9.7745596	
0.9150383	4.3197845	35.9624385	-27.7654827	6.8279437	25.7418445	15.2141127	21.3582436	25.6976202	5.3820514	23.0833469	8.9271306	29.0110953	5.8732843	5.3903662	9.2430013	
0.9333529	33.6133345	-17.4475914	-23.5762198	29.7333135	29.1476778	16.2287578	29.8373857	29.7933875	2.8280101	29.3846796	15.5055926	29.9266922	9.8329883	9.7265877	9.9673471	
0.9973147	34.0881455	-34.084876	-19.261655	29.7347544	29.6881972	13.2019559	29.797181	29.6848851	3.6973851	24.4884521	19.5356065	29.8606057	9.2056067	9.5684891	9.9176927	
0.6201967	17.5055883	-11.7617675	-26.9098366	12.7733614	18.5905942	10.9387927	15.8697606	19.0939484	7.8143695	13.8267962	5.4284785	14.5224822	7.8141839	6.9845227	3.1259382	
0.5689541	-3.4262541	34.4779191	-29.43055	18.0104657	20.677224	26.1720188	14.3945532	27.6212267	8.7620071	13.6168024	21.4284779	26.9609494	8.2808	9.0397115	9.6690304	
0.7631006	12.5664097	38.0707863	-34.1977952	8.586018	21.9879888	19.3003401	26.5797551	27.8124823	6.3371712	29.5884038	9.259877	29.6735125	7.0465105	9.6826006	9.3698375	
0.9577648	27.7580923	31.5259724	-26.2987008	6.5132053	27.1112169	23.5529394	18.0891127	28.8443764	4.7134399	26.0345236	8.2682861	28.0856465	2.0204503	9.4912396	8.8665749	
0.8527351	24.0693783	23.2683938	-15.2400911	18.6388619	28.3516016	9.5151274	28.8077325	26.9587331	14.3623283	27.796739	14.8471136	27.2143718	8.4377946	8.0538634	8.3671126	
0.9231436	35.1845186	38.0689569	-35.4062102	7.90618	17.3589771	5.1360157	21.2571123	23.8980391	2.5674894	21.3571805	5.9715196	19.0609116	8.0796209	9.5818633	9.1577585	
0.7788122	25.0032137	34.9819259	-28.1401202	25.6526436	26.7768177	8.7975364	18.5191079	26.9338401	18.0711199	28.3417694	17.0724234	28.5981162	9.3914823	9.3759461	9.6943984	
0.4937275	-8.287623	22.2445476	-11.8225204	28.4358648	10.5105457	22.3476666	23.3968884	21.6779097	9.5638888	23.9560744	13.2499425	14.0012889	6.7962606	6.2383224	9.3719034	
0.9813221	-31.5201803	-36.6977895	-33.8902777	1.1042182	22.2811975	27.8717785	2.1380348	25.5119407	14.8791603	28.6585403	13.2670757	15.8244205	4.117661	1.3837243	6.2337503	
0.5475053	-13.8163156	38.6457124	-21.7574973	0.3387095	29.1278874	0.8952233	29.5749473	23.1918493	5.9515348	24.7298457	0.5841078	29.4002182	2.448369	9.8987151	7.1680681	
0.4309217	12.7419063	35.6342697	-19.3029428	15.6923506	29.4382395	14.8772041	24.3707532	29.5717838	12.5883945	27.077344	12.9915601	29.1425686	9.2802006	9.2624666	9.8215376	
0.2558798	-28.9769207	27.1033257	-21.795089	12.1623053	26.9509046	11.2109863	13.2594924	27.43754	8.5634741	24.3433611	7.5434164	29.5248708	1.5719923	7.9256362	6.0912517	
0.9453303	37.0530589	37.5848018	-29.8520952	7.9817729	23.6396129	9.9487012	28.0956655	25.9555575	1.330039	26.3184246	13.2244777	28.8881787	8.0982736	9.1925698	9.1868662	
0.9895266	32.3336218	29.1819049	-19.6380082	1.4856298	22.1511539	28.2432249	25.5251043	23.1400783	12.6662182	27.4800829	25.1854336	26.3022932	7.7713959	9.7218324	9.7334593	
0.673697	-3.5470877	28.7843066	-23.1675018	15.1858799	16.689318	15.4940854	22.5912431	25.2449197	13.0000906	23.3700117	7.6277164	25.541819	5.6155703	7.2087142	7.2463068	
0.8658128	38.1544919	39.8220682	-35.0655983	18.37939	24.8828354	6.8913386	29.7573705	19.8488132	4.0030809	29.3775059	9.713208	29.4664088	6.577598	3.7018417	9.844806	
0.5571921	27.280716	8.7505496	23.6422038	8.3602963	4.5592394	21.4804473	10.2808253	23.5570873	6.081643	24.4302182	17.5027881	19.057415	2.5814026	8.0209714	7.498157	
0.8356194	23.3228691	16.6338042	-5.0869937	12.2037468	17.7601902	14.5107947	23.014194	16.258793	17.114626	25.4930757	18.9739665	16.5768117	4.4299998	9.3964646	7.8444014	
0.6351815	39.1283779	34.4750987	-16.4166348	25.2674459	29.8410672	4.1076916	26.9675714	29.9156459	20.1452582	28.2115271	2.0063617	29.0564388	9.9630905	2.1331309	9.561972	
0.408062	4.9163043	33.3219479	-28.7145885	11.6378738	27.3486771	24.1619885	27.0167232	28.8417587	12.9080869	28.3740633	14.0579997	28.9587913	8.6912711	9.4461926	8.8474878	
0.4837027	-11.425415	37.5219808	-30.0745157	23.236298	15.4119364	29.8072949	9.6779439	22.968982	11.9394795	4.5997346	29.2464089	21.81707	9.6887622	8.7432069	8.9737218	
0.5686652	6.3553283	24.1594637	5.3179733	12.5400664	5.8985784	26.9440852	19.2840099	11.9075274	10.6429671	9.2257016	11.1316949	13.2626453	8.5962451	7.724121	9.4757516	
0.5166716	9.0645504	20.5773107	-18.1096435	18.8385373	24.3794073	9.423901	20.8331333	23.8463894	21.3002725	27.6909964	21.3218671	26.245005	9.4181371	9.0240616	9.4254836	
0.1745023	13.864088	-15.3169473	21.1819634	14.8901415	29.4102793	9.476988	12.1705133	12.0859476	24.1520046	17.2301563	8.814492	24.8901887	9.9016685	8.5807751	9.7140729	
0.888488	30.68488	21.9694804	-35.8542311	17.8077058	28.522021	3.0920579	27.7248841	29.4725692	13.8264633	27.5670653	10.2134147	25.7892433	8.1330757	9.4315357	5.983073	
0.7819187	29.6553889	35.3360353	-23.0236249	6.142078	27.8498829	5.1183435	29.976682	27.9221726	7.2431858	26.8000471	11.4586824	29.27687	8.6213635	9.3245527	9.199765	
0.4466501	8.8599238	36.9980698	-34.1695745	9.5350869	26.4006169	11.6225095	9.4453619	16.5908554	21.0577738	25.7526387	7.2873889	29.186717	7.9001679	9.1528142	9.389223	
0.6536969	29.2076363	30.0456143	-32.2590753	11.5650127	23.3427061	5.6492509	24.4985574	27.9921688	7.6588953	27.5465319	8.8508319	27.9696747	9.856201	9.2629084	8.1743373	
0.6916475	32.1379312	23.8201461	-30.894197	21.0860367	28.3191491	6.1768176	27.625061	29.1052463	7.8873823	27.2429803	9.4604316	29.6348325	8.8994937	9.2141526	9.4768929	
0.5908493	-1.2840428	1.6013232	19.809268	26.2512574	19.269379	14.9129348	16.4301557	24.4755331	15.3305148	24.704124	4.6413876	18.968502	9.5974137	5.7836235	5.7761087	
0.8579406	23.6190942	31.5951287	-26.5157699	21.1307532	28.5364987	8.2931335	23.8641586	24.0398847	3.6172579	27.0512598	13.7159389	26.6545692	7.824291	9.09525	8.257028	
0.9494863	32.5495233	30.1015311	-24.0764009	21.9641226	28.4199042	4.4876126	26.2667086	23.3670807	3.2348132	27.4584034	12.6701494	26.8793979	8.0377874	9.2194436	8.6041383	
0.9477526	33.4494748	30.8950856	-23.3093985	22.7627328	29.2736797	5.2544975	27.1766261	24.2587346	4.1807405	28.3954517	13.5396029	27.7856261	8.9037334	9.2320906	9.4851331	
0.7968788	16.4577929	21.0882383	-31.7409802	23.3187165	27.182515	6.8722529	22.4123676	24.7258357	12.2443925	24.4290726	11.2821635	24.1858337	7.804623	9.5462013	7.4054719	
0.2022198	18.7332062	33.3771895	-27.1510257	14.0900308	22.0091659	28.2620064	27.4285933	23.9809907	10.8503289	27.3812265	15.931746	26.1775566	9.8194941	9.5565761	9.9186935	
0.8572185	32.8824846	34.2678401	-25.6088476	22.3832849	27.8196873	17.9125771	28.3523782	28.9653176	8.4504398	29.1802783	20.4766446	29.8575064	8.9037329	9.7625399	9.4248136	
0.6729397	24.9544577	29.2591425	-23.4831014	20.1324051	25.7969919	15.8443415	26.9154032	27.4166705	10.0427809	27.4402251	16.8997871	29.5845397	8.8709575	9.800021	9.9516511	
0.7898759	24.5496636	27.1466891	-28.7913616	12.1616035	26.8270551	9.2759557	28.1137376	29.4059399	8.1762084	26.7759299	7.8799433	28.1929942	9.0740197	9.9831973	9.2358522	
0.7567035	13.2161883	29.053706	-22.5090275	21.0465811	24.9892004	16.7166851	26.6027785	27.7847686	7.9498074	27.2224452	6.7185622	29.6850629	9.0829807	9.3190559	9.1883895	
0.7551276	-11.816402	27.2523425	11.3408635	25.063235	15.4693459	22.9828043	23.7427842	28.1642757	9.5244465	22.1658576	2.0341493	29.1942142	9.2917722	9.7812409	9.8846864	
0.220486	37.0381646	30.564216	-35.2949791	9.9193767	18.1784019	18.5682662	29.8470891	29.2195102	13.3865147	29.6743943	18.1669892	29.6969167	7.6899272	8.4654461	9.4381445	
0.7453071	22.7074781	22.6939935	-27.5476097	16.1969406	24.401913	8.0105033	22.0567218	24.278827	4.6128332	22.7265116	1.8875861	26.5376806	6.3316972	7.1438431	8.2086151	
0.6999149	-10.9495739	39.5015761	-25.1816143	3.9512355	29.9389022	0.4579481	20.7806944	29.9626419	8.1160363	29.184757	4.5860795	29.5173793	4.9427457	9.8040776	9.2352038	
0.1734063	-32.3502282	39.5250516	-26.1248313	3.9512355	29.9389022	0.4579481	20.7806944	29.9626419	8.1160363	29.184757	4.5860795	29.5173793	2.480089	9.9355553	9.9014829	
0.631921	31.4011487	36.1253464	-30.7422097	27.8555617	26.5372714	4.594481	29.9477182	29.704917	4.3418849	29.175389	2.9899848	29.2207221	8.3369792	9.657774	9.6733613	
0.4267772	-4.5121768	29.7966963	-34.0910111	27.8555617	26.5372714	4.594481	29.9477182	29.704917	4.3418849	29.175389	2.9899848	29.2207221	5.0849056	9.5361625	9.5528616	
0.9617766	27.344935	36.1571214	-34.9602202	14.9972605	29.5595395	6.3234662	25.643287	29.4178502	9.5008477	28.9134858	9.8121122	29.2065255	9.146859	9.3978809	9.9857674	
0.6882171	26.77907	37.029826	-27.8441366	14.9972605	29.5595395	6.3234662	25.643287	29.4178502	9.5008477	28.9134858	9.8121122	29.2065255	9.7957324	9.8108795	9.7315642	
0.8719237	35.4424064	20.6831232	-25.2241118	14.9972605	29.5595395	6.3234662	25.643287	29.4178502	9.5008477	28.9134858	9.8121122	29.2065255	9.908152	9.8108909	9.8147201	
0.4955723	35.6031619	31.8173798	-29.4623548	11.0998314	28.3483792	2.8369732	25.624415	28.734708	9.0242415	29.963707	7.4442668	27.6632778	9.5991598	9.646545	9.7936957	
0.2455122	30.4546028	38.7732679	-37.1726365	21.1129056	28.8966536	2.3665614	10.7233783	27.5824501	8.0709881	29.7187559	3.1280203	27.4004582	8.3327228	9.2361859	7.9719403	
0.829925	13.4018389	30.6297782	-30.8307426	22.2286592	27.659458	10.837234	23.87235	26.3263576	10.3496941	27.8249788	13.9360074	28.1370173	7.0310661	9.5871259	9.203208	
0.7761046	25.3467599	30.0072267	-25.6491403	22.2286592	27.659458	10.837234	23.87235	26.3263576	10.3496941	27.8249788	13.9360074	28.1370173	8.4428138	9.6783669	9.6802582	
0.1653265	-19.718297	39.3466653	10.9861711	9.1949513	23.8186372	18.2718644	25.1018545	25.921017	6.6061452	26.2789165	13.546097	23.4341374	4.5590308	3.8548763	9.903822	
0.8719237	35.4424064	20.6831232	-25.2241118	16.1792171	19.7269172	8.6130773	16.4873427	28.2231187	17.5772173	27.1002039	14.5052213	28.808783	9.908152	9.8108909	9.8147201	
0.9306008	34.7008305	23.6494185	-31.7599116	16.1792171	19.7269172	8.6130773	16.4873427	28.2231187	17.5772173	27.1002039	14.5052213	28.808783	9.963029	9.656331	9.4088951	
0.8983296	30.1422106	30.7449474	-29.7776654	26.4546334	27.200441	4.1608663	29.5526861	28.5376489	4.5713941	28.0689052	1.627324	29.923877	9.9821481	9.5450274	9.8177023	
0.6576141	-2.1303175	33.3703929	13.9126194	26.4546334	27.200441	4.1608663	29.5526861	28.5376489	4.5713941	28.0689052	1.627324	29.923877	8.7771058	9.225269	6.0113897	
0.9319232	4.7531058	36.0263932	-26.0424977	23.7859499	29.7991819	7.7255984	29.8633147	28.5857873	8.5149834	26.7277705	1.736612	28.6138978	9.8018698	9.6648217	9.9661542	
0.5763366	30.1872066	32.7063613	-27.5225434	16.927491	23.1233245	9.3822093	25.7025633	25.1664096	11.4734495	25.5543204	8.4778071	26.4321858	9.4537948	9.4585177	9.6514907	
0.7581562	18.3029171	30.7212259	-31.4776176	16.927491	23.1233245	9.3822093	25.7025633	25.1664096	11.4734495	25.5543204	8.4778071	26.4321858	8.0756619	8.1930119	8.1150944	
0.9269879	12.3642481	33.3333581	-27.3731104	16.3195181	24.955119	18.9985723	26.3354099	27.6485259	7.6687062	23.5736587	2.8577591	28.7530622	7.5206111	7.7647995	9.8530719	
0.7397349	10.5053589	32.7045934	-25.0077468	16.3195181	24.955119	18.9985723	26.3354099	27.6485259	7.6687062	23.5736587	2.8577591	28.7530622	8.2305553	9.4307743	9.3295441	
0.7374599	32.4097291	39.8661223	-24.5613759	16.3195181	24.955119	18.9985723	26.3354099	27.6485259	7.6687062	23.5736587	2.8577591	28.7530622	9.7198791	9.6264713	9.2103951	
0.4679818	23.8460922	36.5402249	-36.0859926	8.7536296	29.4373275	5.8275145	28.3858055	26.0113483	6.7995374	23.347468	9.3603712	23.6978892	7.7215529	4.545562	1.7280124	
0.7143875	19.6487817	32.9138973	-29.6991244	8.7536296	29.4373275	5.8275145	28.3858055	26.0113483	6.7995374	23.347468	9.3603712	23.6978892	6.0361757	9.1414161	9.8164085	
0.7761046	25.3467599	30.0072267	-25.6491403	29.378561	29.1039482	5.0533351	26.8750845	27.3556515	10.149589	28.1182389	17.22886	29.1313097	8.4428138	9.6783669	9.6802582	
0.7971178	-13.2665288	5.7452237	26.6617251	29.378561	29.1039482	5.0533351	26.8750845	27.3556515	10.149589	28.1182389	17.22886	29.1313097	9.9684965	7.6136461	7.5734707	
0.7754612	15.6726562	29.6656778	-24.075803	29.378561	29.1039482	5.0533351	26.8750845	27.3556515	10.149589	28.1182389	17.22886	29.1313097	9.4695168	9.1497145	9.9043532	
0.2338814	37.4883574	32.5742383	-14.5776714	9.7324357	29.1666321	22.1992968	28.9265251	29.5800616	3.9746867	29.744759	12.840537	29.5111884	9.0223025	8.0316172	9.7831219	
0.1174122	-1.6303475	21.1507116	-32.9213299	9.7324357	29.1666321	22.1992968	28.9265251	29.5800616	3.9746867	29.744759	12.840537	29.5111884	9.0959931	9.9011442	9.0179371	
0.8798593	21.7113856	28.9921541	-23.8540604	14.5244515	24.800879	11.8242567	24.9604504	29.2922412	7.0446056	25.7521948	4.4466935	27.1857529	9.4350754	9.3576509	9.373642	
0.84035	27.9432189	32.5582538	-16.3364173	14.5244515	24.800879	11.8242567	24.9604504	29.2922412	7.0446056	25.7521948	4.4466935	27.1857529	9.5465273	9.4234077	9.6695931	
0.616781	30.3255445	31.4753184	-28.9733347	18.9735305	26.4866091	10.1523195	26.7604311	25.6151414	10.4198381	24.5157489	7.0295227	27.4380746	9.529791	9.641632	9.7518364	
0.7303863	21.6340478	11.0592954	-16.6916313	18.9735305	26.4866091	10.1523195	26.7604311	25.6151414	10.4198381	24.5157489	7.0295227	27.4380746	9.2541202	9.4513818	7.7358136	
0.4551613	26.3316623	31.094665	-26.0769529	27.6911539	23.7717372	15.5127681	7.7854509	23.7864953	8.2526005	18.1305422	14.6325087	28.4803824	9.463576	9.3101465	9.1837178	
0.8816043	37.835944	22.2877194	-4.2112825	27.6911539	23.7717372	15.5127681	7.7854509	23.7864953	8.2526005	18.1305422	14.6325087	28.4803824	9.3516635	9.9298741	6.6959382	
0.9608129	3.9024936	28.2434932	-13.7768061	13.5145573	26.911243	20.7282987	26.1799995	25.2761494	7.2210794	29.0355137	3.7454409	28.5291427	6.7908111	9.8702353	9.9386852	
0.2766143	-3.8307468	30.6358796	-16.5070156	13.5145573	26.911243	20.7282987	26.1799995	25.2761494	7.2210794	29.0355137	3.7454409	28.5291427	9.9649466	9.7026286	9.5287326	
0.6056018	36.6884682	29.3318134	-28.321765	27.27397	24.8463717	9.5820549	28.6207304	18.9265747	11.132999	29.7921461	14.9710899	29.9424665	9.9393399	9.8368483	9.8331289	
0.3377204	39.6133418	29.3527676	-29.3071906	27.27397	24.8463717	9.5820549	28.6207304	18.9265747	11.132999	29.7921461	14.9710899	29.9424665	9.8777238	9.3271273	9.6134291	
0.6877095	34.697439	32.1282945	-34.2582398	13.5337153	25.1464294	7.4871103	23.6131728	23.439684	12.8343487	28.0495055	13.2221967	26.307314	6.4761895	9.8083032	7.8285468	
0.3988663	24.1416488	26.3629922	-28.5062362	12.0698205	29.6677295	14.1413668	27.0995879	29.4221694	0.9395833	24.5002336	2.8284382	29.1847805	9.312119	9.6008925	8.5524401	
0.8228869	13.5994652	34.9773108	-18.4455482	12.0698205	29.6677295	14.1413668	27.0995879	29.4221694	0.9395833	24.5002336	2.8284382	29.1847805	8.0250841	5.7420895	8.2627781	
0.6738161	20.6651502	26.2411656	22.1556864	12.0698205	29.6677295	14.1413668	27.0995879	29.4221694	0.9395833	24.5002336	2.8284382	29.1847805	9.8863547	5.1147166	6.4545768	
0.3295452	26.7895027	30.3987172	-29.7923146	20.6058091	29.9792754	3.2793845	29.5075568	29.4386555	3.2208956	29.8494721	1.2150517	29.9623598	7.5152063	8.8031696	9.2554099	
0.6776906	26.5816606	-8.7814098	5.0009517	1.2459372	21.5713073	9.5630228	23.5779833	25.2900194	16.1857266	21.4223871	13.0179134	26.1926018	9.2211692	3.6633734	3.8414197	
0.9501883	23.921052	16.5870979	-18.9051116	5.8876011	27.0742513	6.1160638	29.5897623	28.3856252	9.2793216	21.3526566	12.3705127	25.4583185	9.8816645	9.1502864	9.7181199	
0.2439998	1.6810738	15.2857284	-16.4285799	5.8876011	27.0742513	6.1160638	29.5897623	28.3856252	9.2793216	21.3526566	12.3705127	25.4583185	9.3206981	7.7007919	9.9053193	
0.8451971	13.6121226	33.9581683	-30.3613897	13.6544612	27.5344904	9.4083589	25.6073477	25.6670367	11.696165	27.818272	11.4730851	29.2478088	7.4196693	7.2693895	9.1990742	
0.704341	13.590568	29.2948284	-16.4215416	13.6544612	27.5344904	9.4083589	25.6073477	25.6670367	11.696165	27.818272	11.4730851	29.2478088	7.7468508	7.8622186	9.2372976	
0.6132546	30.4608211	36.004347	-31.0713886	16.8502791	27.1046503	1.1341659	28.5412501	23.041184	2.5686962	22.933734	8.7061639	25.3737299	8.4815283	9.7954694	9.6538842	
0.1568491	32.1580914	14.1233524	-21.3136945	16.8502791	27.1046503	1.1341659	28.5412501	23.041184	2.5686962	22.933734	8.7061639	25.3737299	4.4042289	9.2382233	9.4070974	
0.6197099	1.2975733	15.4695762	-30.7177254	16.8502791	27.1046503	1.1341659	28.5412501	23.041184	2.5686962	22.933734	8.7061639	25.3737299	8.3836988	9.3226023	9.614992	
0.6981856	25.2131988	33.3128807	-29.6901586	16.8502791	27.1046503	1.1341659	28.5412501	23.041184	2.5686962	22.933734	8.7061639	25.3737299	9.68049	9.629653	9.2244205	
0.2848671	33.6650156	39.3355109	-16.2726588	14.7394639	25.6733081	7.3044189	19.2314855	29.7927385	7.5101735	29.2559494	5.8619803	29.0111749	7.4380556	9.7160417	9.8011471	
0.4828209	38.39605	38.6462146	-36.4221898	14.7394639	25.6733081	7.3044189	19.2314855	29.7927385	7.5101735	29.2559494	5.8619803	29.0111749	6.6156609	9.2245402	9.6132822	
0.8999948	12.8716014	30.1042222	-28.4558469	15.4815104	29.9792754	2.9957868	28.7582549	29.5362007	6.6460477	29.8494721	3.372626	29.7621198	5.0716576	9.6404819	9.8960058	
0.4513362	1.2097432	-0.7007237	-24.6411593	24.3261396	26.3882254	11.1621876	23.378257	25.1511843	9.1541822	27.6971286	17.4888516	27.079851	8.6806233	9.3621073	8.9654851	
0.5697368	14.2312176	24.7722024	-31.0428833	24.3261396	26.3882254	11.1621876	23.378257	25.1511843	9.1541822	27.6971286	17.4888516	27.079851	9.9400451	9.80892	9.5027289	
0.8984669	31.6300942	33.1471695	-34.2045769	7.8959042	23.0522885	10.3048019	29.5836074	18.8046443	6.1044628	19.2505376	1.3240922	25.8981811	7.6415361	8.5088661	6.9117459	
0.31685	-0.6381002	17.7737699	-25.4868706	7.8959042	23.0522885	10.3048019	29.5836074	18.8046443	6.1044628	19.2505376	1.3240922	25.8981811	8.6815728	9.3714278	9.7702903	
0.8035964	20.794471	29.1101387	-27.9677061	4.7618257	29.9859772	9.9906775	29.6073186	29.8926763	13.4264805	29.8849533	4.0626037	29.7428863	6.1386017	8.1731823	9.1478145	
0.7285675	36.7517543	30.6295164	-36.6577554	4.7618257	29.9859772	9.9906775	29.6073186	29.8926763	13.4264805	29.8849533	4.0626037	29.7428863	9.2593543	5.3534427	7.5615295	
0.8824605	30.4070843	39.6168501	-22.4530573	13.737109	29.8164698	9.5266476	29.9858854	29.6595632	13.4135277	25.5788559	11.4146814	26.7461441	4.1084891	8.5657615	9.7967197	
0.8269469	28.0526023	29.0906811	-24.0948054	13.737109	29.8164698	9.5266476	29.9858854	29.6595632	13.4135277	25.5788559	11.4146814	26.7461441	8.8953122	9.5925409	9.3331125	
0.9168524	20.8712774	39.3516077	-31.1279933	3.2489857	26.5208806	3.2413652	29.8094752	28.1760548	9.6868721	29.2730882	21.1482678	27.9910008	9.2620957	8.1628452	9.5998362	
0.8022117	22.8363191	28.5322655	-32.8871309	3.2489857	26.5208806	3.2413652	29.8094752	28.1760548	9.6868721	29.2730882	21.1482678	27.9910008	7.2185648	9.154636	9.8956072	
0.7733279	27.3251942	21.8435972	-31.8592765	3.2489857	26.5208806	3.2413652	29.8094752	28.1760548	9.6868721	29.2730882	21.1482678	27.9910008	8.1189255	9.4366219	9.2559393	
0.7961428	12.7950609	39.2678265	-31.9390558	28.7601934	22.9472861	3.5326884	25.2103248	28.2830392	5.692466	27.3062794	7.0045921	22.96807	6.496658	8.390489	9.864008	
0.7318911	28.9937788	20.9246272	-28.6698192	28.7601934	22.9472861	3.5326884	25.2103248	28.2830392	5.692466	27.3062794	7.0045921	22.96807	9.5549855	9.5020437	9.7948497	
0.8037272	14.74696	22.4818137	-15.1839156	21.5557684	25.3271128	12.9005152	21.7395551	22.4218464	1.365009	21.7707527	7.287639	23.5710449	7.5319442	6.3149701	7.1175186	
0.5440362	38.6077504	24.9828337	-39.5006326	23.5696639	23.6030449	9.50841	28.1748748	26.9998493	6.2965689	22.3403703	11.4234995	20.1537432	8.7929613	7.2549329	8.6669187	
0.7455566	27.3483809	28.1222344	-27.3846751	23.5696639	23.6030449	9.50841	28.1748748	26.9998493	6.2965689	22.3403703	11.4234995	20.1537432	6.7872869	8.6265415	9.6994594	
0.5533759	29.884725	31.062795	-32.5558886	16.8003361	27.2474239	16.8335853	20.0611375	27.2734789	6.4903064	22.2877939	20.4760588	25.246083	9.0686143	8.8496459	9.5750284	
0.3318336	33.4409724	-2.7721849	-1.2970321	16.8003361	27.2474239	16.8335853	20.0611375	27.2734789	6.4903064	22.2877939	20.4760588	25.246083	3.3426961	6.4408834	7.3118783	
0.9302393	22.3024342	31.1147595	-27.5854713	15.0196576	29.9154586	14.1472334	29.8978336	29.9948745	7.2315422	29.7892912	13.7532088	29.8722715	9.8629746	5.7642658	9.432661	
0.7682544	19.6601421	28.3129802	-30.6949484	15.0196576	29.9154586	14.1472334	29.8978336	29.9948745	7.2315422	29.7892912	13.7532088	29.8722715	4.3436148	9.4406145	9.8421174	
0.2620504	-2.7408646	24.0889419	-34.8979684	25.3088365	22.8319597	13.5102735	27.7081532	22.9242277	8.1730571	28.6760173	1.9353552	28.2349302	2.5712965	9.8407552	9.1697622	
0.7572506	21.109464	23.9581399	-29.0459019	25.3088365	22.8319597	13.5102735	27.7081532	22.9242277	8.1730571	28.6760173	1.9353552	28.2349302	8.3208582	9.1899536	8.5308385	
0.9747385	11.4750818	-1.2778734	-31.5750968	25.3088365	22.8319597	13.5102735	27.7081532	22.9242277	8.1730571	28.6760173	1.9353552	28.2349302	9.9096567	9.5371049	8.9601399	
0.4290235	6.8378091	33.1768299	-27.5688019	14.35033	28.5831089	21.032203	26.689253	28.1779906	15.6641097	21.9477372	7.6487619	25.4416889	6.4052372	8.717132	8.9826161	
0.3716369	38.3635841	35.2230504	-29.6328027	26.6139511	29.7784847	11.5598217	28.0598351	20.579468	12.7333994	26.4607961	6.1638815	29.9691301	6.8128741	7.5907274	9.3697009	
0.6896195	16.8954591	31.9302355	-14.9005113	26.6139511	29.7784847	11.5598217	28.0598351	20.579468	12.7333994	26.4607961	6.1638815	29.9691301	9.8189031	6.1221834	9.5407296	
0.0680114	29.7585204	33.1215099	-32.5987201	18.7206934	24.0264539	8.8523183	20.7107836	23.0183014	12.3321237	25.821208	8.9084278	22.6977712	9.1158178	8.891432	8.6507638	
0.1760306	-4.0019089	30.4101045	-19.1964225	7.7995041	28.926792	0.9968589	29.9879387	28.7040483	18.2194321	27.8763406	3.6547759	29.7629067	8.7590818	9.1768393	9.4605976	
0.9709228	39.9970393	39.9742225	-28.7471213	7.7995041	28.926792	0.9968589	29.9879387	28.7040483	18.2194321	27.8763406	3.6547759	29.7629067	9.8313919	9.7714284	9.6550556	
0.2931067	4.1762735	16.5116765	-15.6286119	20.2225278	23.4076331	18.9206004	20.2866916	25.8128227	14.8908257	27.9464562	17.4755107	28.4405924	2.7775599	4.9012508	9.3769536	
0.2338814	37.4883574	32.5742383	-14.5776714	20.2225278	23.4076331	18.9206004	20.2866916	25.8128227	14.8908257	27.9464562	17.4755107	28.4405924	9.0223025	8.0316172	9.7831219	
0.7285675	36.7517543	30.6295164	-36.6577554	23.4479011	20.9183132	7.052897	17.0145399	26.7403551	12.2137084	22.4864739	14.9124384	28.2799854	9.2593543	5.3534427	7.5615295	
0.6277869	32.012205	33.0494263	-24.5502327	23.0997874	27.2894935	8.2535467	24.5242026	28.8072246	14.0498824	24.9467965	16.0738843	26.3986057	9.8495528	7.1416539	9.2144219	
0.9584614	24.5157113	20.4676982	-25.3341113	23.0997874	27.2894935	8.2535467	24.5242026	28.8072246	14.0498824	24.9467965	16.0738843	26.3986057	9.486335	7.9122935	9.5279788	
0.7652246	3.4092758	16.4180671	-17.5197415	23.0997874	27.2894935	8.2535467	24.5242026	28.8072246	14.0498824	24.9467965	16.0738843	26.3986057	9.1680037	9.4455677	9.4395133	
0.5065853	20.9041908	27.7767293	-27.0452717	17.0843007	29.8724138	17.7721387	28.1729455	29.3128866	5.9539281	29.6158799	15.2827133	29.8154517	7.6040331	7.2381295	9.3823133	
0.314911	24.0401221	39.4745465	-14.4595749	10.3558562	18.4559994	18.9404228	29.7395483	28.2534785	13.8173093	29.7811821	18.5907365	28.9512079	9.7456274	9.0923626	9.2091377	
0.2920419	25.9890245	27.9362185	-26.7073877	10.3558562	18.4559994	18.9404228	29.7395483	28.2534785	13.8173093	29.7811821	18.5907365	28.9512079	7.565794	7.2677238	9.0856606	
0.6688389	31.9770828	31.9826114	-16.2820106	9.6051529	27.8733307	25.6436143	24.4854348	27.5514489	16.8930725	26.083556	6.3365052	29.4372676	9.5594441	9.5985538	9.2568937	
0.44124	0.7634202	22.9674832	-37.7923517	9.6051529	27.8733307	25.6436143	24.4854348	27.5514489	16.8930725	26.083556	6.3365052	29.4372676	9.6005583	9.6603745	9.4252695	
0.783756	5.0964323	25.0879045	-31.4103796	14.1936232	29.7847987	21.633311	22.5078909	28.3831275	17.6822308	26.9113432	7.9922688	27.2710917	7.3054355	9.3107958	7.6825454	
0.8725384	27.0228507	23.8304557	-26.9994005	14.1936232	29.7847987	21.633311	22.5078909	28.3831275	17.6822308	26.9113432	7.9922688	27.2710917	3.0781887	9.3960079	9.1189718	
