0.7678687	34.8512948	26.1581482	-37.0754761	26.2058175	24.3523696	6.3162927	9.0940615	25.5089222	6.4729507	21.3644115	2.9122045	27.7490862	7.3012382	7.3744256	8.8080124	
0.9364594	24.9864173	31.8157519	-31.6939999	26.3496762	23.3190499	5.2972249	3.2696802	24.7626916	7.1578367	26.7019474	5.7173975	28.3586871	8.8739442	9.1694695	9.7977441	
0.4924052	19.0930962	27.1919494	-35.491602	26.5733152	22.8347691	7.6939072	8.4291505	25.7375902	8.3005447	22.196021	5.0801461	26.942328	6.6716853	8.8299832	9.7149658	
0.1709228	29.5416303	24.865987	-34.3500931	25.1542	25.9257014	5.7109907	13.4891416	27.0416078	4.1976189	25.6578888	3.2220471	28.2934928	8.1683296	8.1793133	9.087648	
0.8724374	9.4061298	23.5286905	6.5563682	18.8192803	22.2961237	5.0270799	9.4856311	17.9975328	6.0676497	26.4554959	9.0111441	26.1173369	9.643788	7.5756755	9.7149834	
0.4082222	24.0753075	13.7547494	-29.8168964	22.6049108	24.235159	13.2418662	19.5285671	18.2622869	10.6094947	22.1600148	6.7418883	27.0115942	8.4152395	6.4675434	9.3582961	
0.4009315	27.3531437	20.2724137	-28.6534746	25.6261409	25.9049506	10.0423252	14.6922939	21.0580441	8.3319623	24.4010681	7.121164	28.5754549	8.9909603	7.8235298	9.9775338	
0.8522871	26.9864415	38.6206474	-33.2102977	26.2412456	22.4065807	8.8250399	16.5095451	25.8970485	7.2717281	26.9023188	6.404739	26.9478101	8.4403381	9.4629907	9.3371996	
0.976251	28.9856573	28.2144102	-32.8707729	26.1948715	24.8676278	3.2595232	12.5769361	25.9228001	7.0626967	25.4429345	7.1932634	27.8643699	8.7904609	8.6169466	9.0111752	
0.545065	22.1634657	26.5755968	-23.4786397	26.9454455	27.019764	6.5840086	9.6625828	19.7586452	9.0475843	24.5185889	8.1474808	26.7613561	9.9022447	9.3581474	9.9473672	
0.8309854	32.6214586	32.7780924	-23.5984624	26.7070096	25.3246515	8.7316815	14.0572849	26.452867	7.8673846	24.2358873	11.3990248	29.4510104	9.692266	9.8217333	9.5277888	
0.2233807	25.9069499	36.3586217	-23.1198535	28.5986122	25.1509248	2.7782389	4.9721419	25.5771373	1.0056563	18.9473723	10.611751	28.8963796	8.7801438	9.9048911	9.5500951	
0.8117309	24.9615355	30.3401205	-7.2924744	25.028279	13.7557691	16.5614461	16.5810287	14.1010953	15.5406744	14.5029868	10.508462	22.4755465	7.726999	7.7784907	8.4834834	
0.3016447	23.858918	28.1764833	-24.4141116	24.1993587	29.0244306	1.4615163	14.0517585	23.672	5.1191343	26.545518	8.1565137	27.6311367	9.8256679	7.7695663	8.9550365	
0.4158689	20.0973435	4.2491614	-14.1590478	24.9237378	25.768934	4.6274548	3.3540511	24.7264542	19.2198034	25.8217472	7.3772698	27.1743488	9.6460224	7.1395593	9.68955	
0.9618732	30.3056836	29.5385269	-29.8317203	22.6253713	25.0883628	4.0721851	17.0819039	23.5928555	5.692384	24.6956692	7.1021355	29.2981582	7.6319137	7.2477339	8.6357352	
0.8315127	26.3043084	28.6952815	-30.1489368	22.5398047	27.5936833	8.0907644	17.2155936	18.9924377	4.6265275	24.0959371	4.3603701	27.8580215	7.6890266	7.1796504	8.5368128	
0.8061263	30.9990447	33.9295357	-34.1641878	27.0467966	27.5908142	12.270326	16.4531609	25.5233414	7.4036681	26.0392515	5.3459665	29.9692404	9.0819572	9.7925895	9.9219991	
0.4927905	32.2479495	23.8305116	-32.2510423	26.7755479	26.8725944	3.8870683	8.9142323	25.5309673	5.1665736	25.6149514	5.5791362	27.5800348	8.6934719	8.1625333	8.5931147	
0.4938304	27.5152138	25.2632064	-38.385474	26.6349781	25.4508863	4.793974	5.3166561	24.3972736	5.5893232	25.5815247	6.5079373	28.2156378	9.3040067	9.4724462	9.5593462	
0.8087749	39.8404692	21.8262431	-29.1152543	27.4521238	20.7532592	1.344361	1.9073082	22.1584237	2.1586872	16.6761566	3.6003948	24.9378884	5.9626004	7.1440539	8.2808842	
0.4404131	24.2052028	29.5700191	-24.2474939	27.0435227	19.8106489	10.3956905	6.8224931	26.3280361	12.4222723	13.6974617	13.8215682	18.4893508	7.3044263	8.4549824	7.1605349	
0.4364825	28.8737125	27.1959915	-28.2974839	23.7391562	22.7802605	9.9649974	23.9867067	26.7821251	7.9040752	21.4868483	9.1672624	27.3761482	8.2089845	6.9765962	8.5664307	
0.7160755	18.3054916	12.4265386	-14.3282267	22.0852289	19.6962294	7.8628188	25.2871789	22.0158045	7.608457	18.0445172	11.9574401	26.2483088	7.1969148	4.8503318	8.2561188	
0.8963645	20.0081449	11.0211891	-29.4590507	24.2504274	24.9023963	5.5523591	26.4947451	23.6078619	18.5083854	27.3150325	11.8699971	29.4326223	7.5435156	9.1743595	8.2210237	
0.3757664	-5.6160983	-8.8336861	-26.5351455	15.7113584	21.4989142	9.8344789	4.9122096	14.5532492	15.2986479	25.5724574	5.3833469	22.1680174	4.9337886	3.3487361	5.3231379	
0.8945807	31.8748205	22.3839255	-33.7062205	20.9345545	26.8730315	4.1797963	5.8727493	27.6538245	7.2361052	26.5876363	11.9171101	28.2005447	9.7819778	7.4983483	8.8478444	
0.1117772	36.8059002	29.8779672	-31.4378514	22.9261067	29.4153825	3.7831528	5.7445253	23.076618	3.9662038	21.6152702	8.1827399	29.7184236	9.5139268	2.8171667	7.858833	
0.4235738	14.9903073	22.3839308	-14.2252287	14.8585979	28.6128137	1.0528887	10.0191428	26.0633187	1.855386	29.2933178	7.6395384	21.6798626	9.6646142	7.1203014	6.5716534	
0.1134369	25.039524	35.1575265	-36.7088146	26.745811	23.6892713	10.6103397	12.1191974	27.7994528	11.2785217	26.6993376	2.8954001	28.4435827	8.7319613	7.9017909	9.6567533	
0.0139736	11.2821305	26.2071275	-37.1539948	23.4116423	23.3465788	15.2897825	22.1002728	25.8552995	8.1807219	25.1575499	10.7391318	26.6811384	8.3870477	4.8214802	9.2425594	
0.2932447	16.0806394	10.7675564	-12.3198906	16.4943533	23.0809862	12.4379756	10.041874	20.3641272	10.5481692	21.2561903	8.8079764	20.4412111	8.3315061	6.1860263	6.9468912	
0.3854458	31.8268933	38.5643632	-33.1431057	25.7202229	27.9657229	5.5715192	15.1920998	27.04746	5.0089679	21.5999176	6.2786846	28.4444205	9.8566645	8.7056029	9.6891887	
0.421994	5.0867129	16.0090048	-12.0173572	15.7537408	23.940297	16.891097	13.2767351	20.4036804	7.1459646	16.9864021	4.3307462	21.4172632	2.5178597	5.6791462	7.3491527	
0.80386	37.7359918	34.5249441	-34.9341802	16.5390129	26.3803358	2.4769277	15.1898619	3.9373481	3.7521238	29.5629476	4.307015	29.6624401	9.7826711	1.8526556	9.6336123	
0.9766727	1.5315011	37.9065983	2.6491568	26.6737872	16.697121	16.034034	11.5132042	22.1801964	9.8046731	27.7322592	9.90581	19.7893444	6.818922	6.9711117	9.5138761	
0.6572364	34.760054	26.7127723	-32.3817509	29.1029685	29.3033517	3.5224782	10.9305948	27.5717747	5.6516412	27.8080688	6.3107457	29.0897878	9.3945039	9.7908636	9.3992048	
0.253028	34.7804392	32.4338804	-31.7158163	21.6666318	24.6755312	9.0112576	24.9650917	27.5749191	2.7169885	24.4706413	5.2230538	27.2606059	7.9119844	5.4126029	8.173886	
0.3552838	30.9880463	25.8523992	-30.3300373	23.905217	25.6189778	7.4861765	18.8758222	26.0433486	6.6100707	25.0204002	6.8548674	27.8803033	8.454512	5.835559	8.640341	
0.3328187	29.6666311	30.0225723	-32.4000669	24.8817892	26.9031972	4.5067467	13.2450182	25.3745917	5.3099449	21.3400781	4.5820001	27.5155189	8.7444586	8.1664906	8.7737	
0.8994599	31.1737564	38.4807943	-32.9454236	27.757739	27.0879504	3.6669895	12.0309803	26.1663034	3.9601287	25.2214736	5.9644776	28.5204151	8.1867897	8.6514092	9.8833504	
0.6876315	32.2608644	25.1134922	-32.9463523	22.3620951	26.6236315	4.9714448	15.6810346	25.6053549	9.5298559	22.1023619	5.5160141	28.4281048	8.0751239	8.5784072	8.4291935	
0.6283749	31.3462727	26.2648249	-22.4936706	20.7494825	29.4659086	4.9660218	16.3987515	29.7250345	10.314683	28.4254476	2.2674861	29.7472776	9.717767	6.0737897	9.6321747	
0.3457811	30.0614759	24.9866359	-26.5815994	24.1201244	23.948133	12.4821531	13.9276385	23.7159686	6.5819806	24.0801274	11.3465909	25.5484055	8.4402677	7.583127	8.4096187	
0.9880661	29.8753966	32.7926001	-30.9970196	24.4077184	23.9433818	5.1377119	20.7376723	26.0980929	3.9613584	23.1745276	6.3104245	27.5905505	8.8912838	6.698338	9.7941228	
0.3589619	31.0977446	25.8338032	-33.3930767	24.9080839	25.5056183	5.3394224	9.6280851	25.1043997	8.2540022	24.2426604	6.5995096	26.7101952	8.0657117	8.4178757	8.661794	
0.726188	18.2610965	30.1492373	-31.8076358	26.7745295	23.1471352	10.0482037	15.3210334	24.1714339	5.5148796	23.895245	9.6068014	29.6350282	9.3802344	9.7910956	9.9132009	
0.5059222	16.0615537	13.7147689	-8.5457113	26.6693778	25.2476404	13.6160338	11.7614711	22.5776465	6.273132	24.2116804	12.1294014	20.3081668	6.4927056	8.7560216	8.8513556	
0.6753638	34.8466675	22.1096299	-29.6751693	28.1316876	15.7284662	17.5585131	17.0021031	25.7608947	2.7606456	23.1848314	2.2743558	19.3252404	5.780022	3.2488118	9.8866662	
0.8306977	26.2779783	30.2505059	-37.1419006	26.4688775	26.6496041	1.7457767	12.2744392	26.8556769	3.1009202	26.3362251	1.7039225	26.4116739	8.2931395	6.5058685	9.4511986	
0.8133392	-8.2505013	38.1227419	-33.3289095	15.9664057	24.735428	14.6035015	2.122448	28.7167689	6.0926526	28.8375638	0.7808742	28.6307885	9.4811986	8.9324446	9.4145855	
0.4325781	25.8751082	31.6574466	-24.2501246	27.9847038	17.6379164	14.3637459	8.5232131	18.7570355	5.6061862	24.500684	14.0734557	23.6177042	7.889548	8.1229435	6.9956458	
0.5769061	28.8223113	29.2983105	-31.9165814	24.337428	25.2023702	5.6996295	18.295636	24.733467	4.286079	22.6690941	5.8584941	26.8770122	8.0487522	6.4501413	8.9852355	
0.3432281	28.9204671	27.7257786	-32.3720614	24.7281258	26.3449205	6.2402566	16.8303216	24.5298976	4.7592907	22.957727	5.7774513	26.8927279	8.009185	6.7311509	8.8763719	
0.8027055	30.7541885	9.387561	-32.1014759	20.3053922	24.7279313	4.6256111	21.3107672	21.1626748	10.5977882	20.4964331	7.8954909	26.6190297	9.4521275	9.4762588	7.4179238	
0.5216718	34.5829309	26.1832184	-30.4107076	23.601245	29.2208227	0.1063361	21.462327	27.8791364	1.8921374	28.0709196	3.6254645	29.1824554	7.2796444	8.5253586	9.1959669	
0.6590849	36.0371587	34.6272553	-32.6073637	27.9270523	18.4051023	2.7707701	8.3919914	29.7773783	12.3247508	28.9485937	10.494072	29.4303277	9.8200251	9.2190195	9.7072402	
0.9603748	35.0355925	-9.9186098	-36.516107	17.8747376	15.7247191	29.8493935	17.3435616	24.3986644	3.616893	13.4623583	4.5875525	29.9679941	4.4923726	5.0387234	3.503273	
0.8917075	39.190421	26.7517233	-26.4016117	27.3774461	26.7156513	13.5768024	14.3204967	28.1237345	9.0787283	26.9635106	10.9173214	29.6096923	8.6600802	9.4442133	9.9993902	
0.1031948	36.2909313	28.3104563	-28.1901435	26.7040764	24.1308263	9.1371833	9.3194999	23.7563303	0.310947	25.1770791	2.146338	26.8721627	7.9222557	5.8413483	7.8399762	
0.8075725	4.2890527	23.3583778	-25.9766451	20.8363207	23.3747458	14.925194	15.5418872	17.0898777	16.2678534	16.2356251	4.9419686	20.8834191	8.6114551	7.9230596	8.4267696	
0.4797332	-20.4418292	33.2232062	-37.7381719	22.920067	28.8348061	16.3135338	5.6715018	11.629582	2.5611223	26.668812	9.080161	20.0740637	3.4483762	3.625571	7.6647124	
0.4090236	32.3757629	32.7837929	-30.78841	14.9325204	18.3455906	5.9250412	16.1018852	28.1335314	17.2273446	19.1116164	3.0685283	29.2392232	4.8683466	7.7946521	8.3556268	
0.712785	37.3935586	11.6764052	-21.0010637	15.3008439	28.7910397	10.0348558	25.5558277	22.1704892	2.9348291	19.8988953	8.1497319	24.4892407	8.3965803	1.9440528	8.7363916	
0.4115084	18.5020008	17.8168722	-7.324654	21.501174	26.922216	5.9234193	12.1212744	20.8995935	4.109612	26.2546392	8.1160988	27.9399498	9.7827918	8.4397053	9.5843477	
0.26796	-5.9506921	0.2024032	32.54413	0.4260001	12.2788917	13.7963254	25.3342297	2.2792951	9.6996722	7.731381	17.3102314	2.7768888	4.181647	6.6646144	0.5957177	
0.6807512	34.5354637	38.4979144	-32.3736878	29.5863112	25.3111707	2.8113961	9.2841839	26.6677731	6.7220639	22.8077232	6.3161797	29.6446685	9.1398588	8.0398052	9.6724002	
0.8325592	26.7917474	13.6460385	-30.3794761	16.1508248	29.4310555	9.5271619	25.2060576	12.7980798	9.2178784	22.959917	14.4151531	28.5135971	4.7673347	1.7039451	9.8538191	
0.3540919	28.4800635	25.5334679	-35.1983693	25.8553573	26.7913347	7.9396653	7.5339961	23.9046107	9.461842	23.9104221	3.3349556	29.7042649	8.9724237	6.3905425	9.8975583	
0.26244	22.4460412	20.3684364	-29.2853782	24.8972137	24.3505385	8.2605079	20.7121729	22.5398132	8.5603327	22.709764	7.3169085	25.2516594	8.5420693	7.9323362	7.9262505	
0.9104049	26.4755724	36.7862717	-38.0407379	16.8541253	25.5020628	7.859199	19.0299654	25.7738833	21.0006571	28.411523	4.1961325	29.4657878	9.5728687	6.6713378	9.8542827	
0.7562886	38.1403802	29.2865991	-39.0525665	22.1073943	25.4993685	3.0740434	22.9017081	26.8552566	12.2822309	27.7842072	7.0859582	29.9099999	9.6667344	7.7237021	9.3849909	
0.7666169	4.9301456	2.4079666	-6.8492763	19.9333276	13.1088074	18.193415	11.7556088	27.076043	17.2539538	23.2338476	14.6110717	19.2870865	6.4552849	4.9230968	9.3026732	
0.443371	32.700089	32.2266104	-35.6282037	25.9595113	25.1912117	6.02242	10.9175701	25.3088338	4.8203855	25.7761754	5.8257093	27.4929387	8.9038762	7.4475234	8.8659822	
0.7564271	30.5035652	29.4155138	-33.8443459	25.494507	25.2226608	6.2907095	11.9728551	25.1812226	5.3785892	26.353473	5.8828563	27.4706168	9.0885254	9.3575599	9.1207999	
0.1598316	7.2720606	30.6088405	-36.0875726	24.0703389	19.5887113	13.3182166	15.6607024	22.1172106	4.3714567	19.3653975	9.6632578	26.9673196	7.0155388	9.6933137	8.1547864	
0.876452	25.8116538	36.8146573	-31.2274636	26.8284251	25.9923846	9.2357297	8.3786782	19.0445778	8.0802863	25.7453758	10.6446891	26.2768911	8.3808161	6.3520571	9.2474091	
0.8093553	35.4590938	34.8365231	-33.4658343	25.8255824	29.1978943	2.7097293	7.0977148	27.7460189	3.2070609	19.7391296	2.7466335	29.2690032	9.9672087	9.6775512	9.928897	
0.6699041	29.9245992	31.5360342	-36.9896044	25.6600879	23.5969036	6.1227497	8.8502967	23.4488031	3.0462926	24.7923375	9.0640243	26.017497	7.2119932	8.0853912	8.8953928	
0.8730251	39.8992191	29.3582638	-36.5065845	27.0319164	29.9448378	4.4793283	13.6047292	24.6507709	9.8647127	29.6548842	11.3241368	29.9593203	9.8135699	7.8660206	9.6109073	
0.9698477	34.4443844	27.606501	-35.9472355	16.8002838	21.2357028	5.7923245	20.8738265	11.9221519	2.7882542	8.0278054	12.6747647	14.5067801	2.7952231	6.0965777	4.8889443	
0.636422	34.8485203	23.964814	-35.9930657	19.8739703	26.0085069	9.6451979	24.594712	24.4091904	12.2242793	26.4116757	11.4398133	27.4194187	6.8097813	4.9485534	7.9798994	
0.5596555	32.5230409	28.657464	-32.1507345	27.2148767	27.7248388	3.5380954	12.2696607	26.0762108	5.2438085	28.2704952	6.2186359	28.8640627	9.2321348	8.0026807	9.6159293	
0.8941765	30.6359458	28.2553212	-34.6599728	27.4914762	27.6273375	4.3408032	1.894261	26.6771789	6.6326944	24.6378566	2.5432062	29.8642692	9.4762807	9.1651683	9.6402994	
0.5778501	26.0941995	22.0177091	-31.3094357	24.3365508	25.0585166	8.8486909	13.6391961	25.9604156	6.1973126	22.5476145	6.9067809	27.7319393	8.1486122	7.020495	9.1720712	
0.4932677	13.9145947	22.5574855	-32.0036854	25.8948992	9.2242044	13.1209074	12.9420058	25.3851473	4.8527552	18.7381929	21.7677865	18.6052648	3.2103249	7.7444652	7.9618891	
0.6086876	19.8765317	0.491207	-11.7676863	18.2366375	19.8365973	8.3466364	10.619333	24.4742807	13.5252499	18.4012178	13.4242691	24.9749692	7.658371	7.5987842	6.4424307	
0.0386705	37.527085	24.3254362	-32.0749274	29.9622555	22.9213696	2.9627967	13.278387	17.211353	12.4494618	15.8354205	2.0659331	28.2707008	7.5278244	2.9294416	5.9797532	
0.8324178	30.4604144	27.2030231	-32.8471017	26.289002	27.5522742	5.2211125	15.3279033	27.5267666	6.1451335	24.6157178	5.7560041	28.5573658	8.1956706	8.0137575	8.9294703	
0.0476266	27.743863	22.353436	-27.7311416	26.8432586	29.9054963	3.0259556	3.4125458	24.1734922	4.2509674	27.4023736	4.4978045	29.3409368	8.1020544	8.5390432	8.5673405	
0.8460498	31.6069275	33.825867	-34.5029021	28.8674259	24.6698209	3.079969	26.621026	29.9944484	28.9329866	28.2139734	15.4504894	28.9769899	9.2048353	9.6747465	9.926737	
0.9114908	35.3969026	29.2166392	-39.3373562	27.4445628	28.448183	1.3253768	6.9883484	20.9393486	6.7928995	27.3348679	4.4638363	26.0672343	8.1671765	7.9737141	8.6822165	
0.9132111	19.7669016	27.0808991	-9.3147776	20.5806821	21.6187077	5.8891054	11.9000196	22.5139489	7.3080921	26.2389904	7.8015455	25.2189863	8.7308636	8.2168451	9.5486251	
0.2174422	29.6006762	31.4709411	-31.3321614	23.3131092	23.1549313	1.8660916	13.4577287	24.6562013	10.8495153	25.3866912	6.1235908	26.8530177	8.0065017	8.0804981	8.7680255	
0.3008753	34.632652	30.2723095	-22.6693416	24.1451456	21.8312342	6.5048635	11.2437146	25.1110554	4.4644561	23.8050044	4.51922	26.8366695	7.3669052	6.7164173	8.916345	
0.7704876	5.0218736	31.1040766	-9.9469538	25.7703975	14.4171306	13.9353308	25.4659967	14.2047992	10.4590044	20.1595925	7.4432669	29.1085181	9.4351303	4.5813261	5.7755758	
0.7929495	27.5229863	31.0363975	-38.2515676	28.3485946	25.4440486	2.310321	10.3220354	24.9168367	5.2159225	26.7066503	4.1973636	27.7386048	8.4047099	8.3234785	9.2326848	
0.8465037	11.3565334	32.5749683	-39.2689782	29.4579711	26.3905024	2.121336	7.788615	25.0115852	4.6269209	28.5551998	9.4647856	29.6958716	9.6325264	8.877142	7.9975919	
0.7715396	26.1694262	32.1201098	-35.685527	27.8723982	27.366354	2.4181701	11.5540554	27.322797	5.4547547	26.8509871	7.3380081	29.6837991	9.6704001	8.2167228	9.4213232	
0.7421166	28.2404101	36.9749672	-37.0984319	28.4969657	24.149194	2.1072036	9.9801685	24.7665869	3.5058331	26.3345681	6.8017619	27.6975603	9.0832614	8.8460113	8.9509724	
0.9377984	39.4355928	-24.5908889	-38.569806	27.9006189	22.2127428	1.4861026	14.6593413	18.3270956	2.5048791	5.4295266	17.1722896	19.1811804	6.5813553	9.4366956	5.7379162	
0.7526225	29.2411309	32.986817	-36.219138	25.8925251	26.9292455	3.2992215	8.603896	26.4719518	3.298489	27.2726228	3.6339189	29.025808	9.5376887	9.5234911	9.8412252	
0.8859548	-4.21587	11.166444	8.6513332	24.660474	9.7751974	13.107803	22.64295	10.7621611	4.2413579	15.3237567	6.3181709	5.3796723	5.9921796	1.9882039	3.4701758	
0.2562315	29.076143	29.1775575	-33.7109208	22.2005158	23.2537932	4.8487014	17.905374	22.7985114	5.9376939	24.6130501	7.2801019	27.1639579	6.5345448	6.6092617	7.7628529	
0.8789387	29.6654408	33.3461928	-29.9051	22.6857838	21.1173766	2.9063356	12.3503062	24.4984305	7.4090367	21.9343327	10.3893731	28.8429894	5.8552848	6.5875456	7.4404427	
0.969033	21.9275399	-2.0887001	-18.6210555	18.2827712	16.8222458	17.5379676	23.9563974	21.0583086	16.1461038	18.9510423	18.6851141	16.1728374	3.4849783	6.7030181	5.7568292	
0.176711	27.6207532	18.8178292	-27.9684971	27.0782734	24.6225181	6.8834075	12.9473181	25.714931	7.7727009	25.1338331	8.4677804	27.3854317	7.6662982	7.2979208	8.6773275	
0.9276776	32.1946922	35.907242	-33.948097	28.2038419	26.6740618	2.9110814	14.7520254	26.7923259	4.2326543	27.0753394	6.4009657	28.6429113	8.447007	9.1100672	9.6687251	
0.4870294	28.1686131	26.177995	-31.8285207	24.3312683	27.0784346	5.3171213	13.9375611	24.9841917	5.305567	22.8710182	6.6761075	28.4181234	8.0777067	7.304253	9.3976469	
0.6475957	32.6110129	29.28586	-38.0041644	29.4750586	29.2046518	3.4375163	18.7257142	27.879	4.685575	19.8202022	10.654472	28.4689871	9.8875466	8.8951455	9.9776952	
0.0827393	25.029308	28.6533965	-35.5169298	26.9772463	24.6144142	4.6305612	3.4869122	28.3028065	6.4705358	22.7256828	2.6643365	28.1329957	8.2029146	8.327197	8.2540298	
0.4809061	30.3417301	25.8627932	-31.6041239	24.8499011	26.0889057	8.2104806	15.6475864	26.1155122	5.4478519	24.5474628	6.7978497	28.449355	9.0567896	7.7323192	9.2265356	
0.4410471	-32.2083181	1.7535509	-27.4259906	14.3339791	7.8718	2.98307	8.8125833	3.7702169	15.9470759	22.8347944	4.1255416	5.8298468	9.1858251	4.9607326	9.0247025	
0.889422	28.0758999	28.4035217	-27.3154765	27.6699999	26.386554	7.6119552	14.7604356	24.9853384	8.3849663	24.9317086	5.7435089	29.5572388	6.6860427	7.8637082	9.931164	
0.3926788	39.4302011	17.5071264	-18.6659225	26.7994405	25.4675152	9.6179896	14.4738025	23.6496545	11.3935018	25.0279377	8.6061729	29.771847	7.2100284	8.6281909	9.8220121	
0.454604	7.9469566	16.4381421	-16.1791549	16.5626697	17.1122406	10.587676	14.9145942	17.1352053	7.2485042	26.7608023	5.8150479	19.6666983	6.6300389	5.4134242	5.8566583	
0.4778935	30.3216663	16.3739227	-5.0899809	19.1720153	25.3535398	10.6105796	18.2370789	17.9672433	8.2581261	16.4802766	2.3281247	25.8010283	9.7406057	8.05757	8.3301467	
0.8617447	30.2270099	33.6591858	-28.5011355	25.5268099	26.2883308	7.5354723	8.3626669	21.2532281	9.2684175	26.0724117	4.3042935	28.5243156	7.9070579	7.962124	7.8736804	
0.4916259	28.9131698	20.8449857	-21.2444975	23.0432211	23.1226928	14.9811153	17.3746841	24.7190815	7.0091459	17.3045829	5.6973536	25.5946301	6.295788	4.2976747	7.9317243	
0.6373617	29.6005018	15.9773106	-10.7229441	26.5552427	27.4220585	20.5827049	16.3303896	29.8474924	7.8409576	27.9132523	14.2454748	25.6254276	9.7769492	9.5170673	9.6443856	
0.7686852	31.2474366	24.7813041	-34.5201509	26.179736	24.8031114	9.0583897	19.435117	29.4891265	10.4717561	27.8499183	8.1171424	29.094898	8.4891317	8.060732	9.209774	
0.6782792	37.1751705	26.2345902	-36.8301419	28.2680782	21.6702801	10.001104	24.5083938	29.9329945	14.9302775	29.5402054	8.9888703	29.2088456	8.425866	7.3770434	8.8802401	
0.5027435	36.4939146	25.9729948	-35.0875182	13.7911451	16.6131603	12.9516104	27.9856397	28.72551	26.7916308	27.3753366	10.8346982	29.7806625	6.4263701	5.5058862	9.217682	
0.7645088	26.7650238	17.6548715	-34.9116154	11.4102166	23.9367733	12.7876386	28.8165195	29.4555988	27.0390684	27.2127076	3.5347185	28.3193308	3.3987676	3.6693003	9.1426245	
0.8255947	35.7061193	31.4673433	-31.2931366	25.5454849	28.1859056	1.3015309	12.9128175	22.4467717	4.7708932	28.750921	6.2421564	29.505327	9.4156588	6.7159543	9.7545864	
0.8525879	36.8791403	23.8701717	4.8796078	22.8787841	29.2924252	8.4950987	15.6717413	13.0300074	3.9466857	13.6663784	3.0844754	21.8403225	7.6119332	9.7837779	5.0461614	
0.4002515	30.4801136	29.7617111	-31.6312024	23.1129901	25.9670171	6.7564211	16.5408954	26.3380594	4.4852443	24.2045093	5.2624256	27.631399	8.6710435	5.9646569	8.4962878	
0.2587514	37.6136726	34.0868226	-28.8459496	20.6768226	25.8534646	6.5665137	25.2143149	28.2937951	4.370078	25.9323306	9.111884	26.2978245	7.2584663	6.3288032	7.9385199	
0.7940471	31.1703999	31.0471154	-35.0474571	25.9350497	25.8973372	3.3759546	13.331117	22.2754758	6.945806	27.3928033	4.4382034	28.1004828	8.8949704	5.7432196	9.5358265	
0.7881397	31.6255191	38.6942159	-34.9438529	27.229908	26.1169838	3.2352608	15.1450565	20.7284262	1.3830356	28.1674663	4.0666703	28.0063163	8.8839487	6.3105404	9.5425712	
0.6496065	33.7485469	29.0107257	-33.9351088	26.5785536	27.317868	5.5290219	13.7662289	25.7312236	6.7432537	28.3813596	5.2534054	28.8894044	9.6017882	7.0266089	9.8753723	
0.7153631	27.7039742	7.9271747	-29.550309	27.4587866	27.8613064	4.8667869	14.9022756	24.2050756	6.8311491	26.1721577	4.3375042	29.3335606	9.5941126	9.0905059	9.8579701	
0.580718	20.2411712	22.3466875	-20.6594782	23.9140022	24.5491374	5.0801902	8.0591496	16.6251709	8.3670854	20.899548	6.238045	24.3771899	8.2354464	7.6038183	8.1383396	
0.3247714	28.0583968	26.9407861	-31.8465896	24.0331752	19.9481144	2.2925625	9.4500458	27.2061729	8.5823822	23.6218783	9.814368	22.3974735	7.2170336	7.1906237	9.4801134	
0.5111581	23.7814197	25.2135243	-24.4375026	24.2918311	25.671478	10.8421349	9.8197568	25.42503	4.8763033	26.6490411	9.9656362	26.7116732	7.2009999	7.5188423	8.8573287	
0.8866187	25.7636248	26.4198206	-34.6001954	24.2536798	25.0081529	10.5956607	20.8770758	27.1380629	8.3919356	25.9023898	5.7371426	27.6590447	9.314971	7.1552697	9.7719713	
0.5528912	-7.8520955	19.9687795	22.1521709	20.3623115	4.0193885	1.6706604	8.970708	25.5571974	22.5358372	10.3258116	21.5187492	10.148693	8.4653307	6.0638591	7.5804394	
0.553354	35.3492199	30.5585759	-34.5643506	26.6756608	26.6898774	4.0486786	10.7676772	27.3771017	2.5177564	26.6742145	2.7988422	27.7221453	8.6002641	8.0937866	8.8601529	
0.7412616	34.7390226	35.5907905	-25.8207353	24.3585389	29.5779675	1.101241	4.0667536	22.889897	3.6495243	23.6624729	2.4014801	29.5355263	9.8136408	8.4090499	9.8239449	
0.190599	28.9261741	30.4470419	-33.9131556	25.3623205	27.5099612	3.4754365	9.6619705	26.3038983	14.0482325	26.1961898	4.6812257	29.4768375	7.3361335	8.1097131	9.1443835	
0.8115449	31.7984754	36.9447625	-33.8967613	24.6726017	26.08917	5.2430845	25.3492211	24.8237629	5.5334649	24.995275	3.4892434	27.3930688	9.5627993	6.1760478	8.8156899	
0.7676806	14.1835865	-1.337099	-35.0714276	29.6714181	11.1614833	19.205403	28.5898229	21.2623087	5.4896122	15.6158042	27.2405923	14.6787161	8.2861228	3.5828363	7.8692739	
0.4719173	31.058103	21.1403221	-32.6649474	21.4341847	27.0055535	5.0536867	14.9448009	23.8561721	5.4530084	23.6374446	4.7875091	27.0004322	7.2508307	8.0372236	7.7563162	
0.9574848	36.5704279	29.4398341	-36.3968394	28.166222	28.3288189	3.5053655	11.6700996	26.2612523	5.7170579	28.6018099	6.9569965	29.5654924	9.9637552	8.1043001	9.9979911	
0.5857092	-2.2981928	7.7454905	-5.3664532	28.9800175	22.3140156	6.5191714	9.0264969	24.0063641	3.0047599	7.6721816	19.598986	18.3264959	8.3682777	8.0294937	8.0500489	
0.0214856	31.8067463	25.6237389	-28.8907717	28.6240598	25.0776169	4.8154679	7.5644858	4.528591	1.7400804	28.0551038	22.4417918	27.8738327	7.553691	2.3759254	9.6138949	
0.3750318	16.2871457	32.3269321	-24.9057428	16.1848176	19.8431695	8.5406366	11.4732963	27.8209363	16.8404279	26.1957268	7.2070244	28.3816246	7.5632901	7.7304592	8.4472892	
0.1375552	19.3119455	15.9374435	-25.7023311	24.8360147	25.0657569	9.5911575	19.3531083	21.7969264	9.1083275	20.5293725	9.2663487	25.3351302	7.956034	8.1722691	8.2556654	
0.4319926	32.9141257	24.704991	-33.673531	26.3026686	26.8300406	11.2069374	11.5496438	25.2495182	11.2316334	23.2327272	4.5703018	29.0775786	9.8715335	9.7668623	9.5662903	
0.8870808	-3.549834	33.4892244	-0.4659834	10.6395366	6.0896773	5.6947606	20.5355691	20.8186076	21.6600746	1.8339359	18.1021945	16.4477538	2.2674129	1.5727554	4.7133553	
0.3802002	31.142978	29.4859187	-33.4122768	25.3230675	27.7217477	9.1625127	12.1852043	25.610046	8.5479664	22.5702591	7.3937153	29.4309922	9.3180586	9.0509341	9.809012	
0.4235747	32.3087507	27.9506364	-30.5711576	23.8794097	26.7115821	4.9953059	14.934777	25.3181101	5.0360904	24.6959787	6.1646297	28.6504335	8.1732926	7.105751	8.8441893	
0.7670708	34.1154429	31.370204	-28.0629064	22.1945794	23.3587796	9.236676	14.9935699	25.8336728	4.1666923	27.0711643	6.6997358	27.5980966	8.2570088	6.783838	9.8541598	
0.2954824	34.2784547	30.5128883	-31.7479817	19.6474112	21.9971221	12.5728151	9.4191303	26.3520682	10.264939	26.6827199	6.0940947	21.6356516	7.6632226	6.8378427	9.5135747	
0.4242277	33.0220317	28.9640284	-32.9059502	27.3085829	27.2396315	6.4470996	15.7701171	27.0176982	7.2909012	27.069859	8.8487592	29.0807752	8.4789647	9.0953992	9.9054771	
0.6690502	32.5707851	25.0788448	-34.2529083	26.5666906	25.526262	9.0983849	19.7745352	25.2508609	8.689645	26.9038125	8.7780291	29.419491	9.2214854	7.4946164	9.7977918	
0.4063797	20.4425735	13.7864629	-22.2324502	22.1003479	23.6373696	8.219758	17.5612368	24.0467666	14.4795653	21.5529297	3.1085245	23.650679	4.6868736	8.3735491	9.0089203	
0.4922083	29.963986	35.6126951	-31.3703576	24.1302537	25.3673383	8.9233655	18.5538688	27.3637555	5.759735	26.7393848	6.0572905	29.7000985	7.9369945	7.7435294	9.7584168	
0.8035966	26.9539443	33.4413999	-34.1097024	29.9148162	28.8537038	2.247087	5.2852431	25.4535831	0.2435525	29.0000947	13.3622848	24.3131174	9.9712672	8.9507214	2.828404	
0.4199716	26.5030222	30.676699	-31.84509	25.7525294	27.1755453	4.8091132	8.7936585	23.8613697	4.7912381	24.7980497	5.2439	26.8980554	8.2658665	7.186856	7.8908515	
0.8367	27.3246425	20.3053836	-27.9974471	26.9850688	25.8773743	6.7530186	13.7337212	26.5921787	7.4832223	24.9388071	8.0344629	27.5951581	8.5296035	7.8877253	9.1302673	
0.5769866	13.1980888	26.7168159	-29.2548641	21.267123	15.9625733	13.3560882	9.311462	22.1235443	7.6788015	14.9638344	10.3212303	17.5991561	4.5056175	6.6891432	7.3954113	
0.4424846	28.1439256	27.263367	-29.6871475	19.535868	23.7311577	8.0527481	11.6796002	17.3393904	7.5268597	20.0030579	12.1266061	22.6496834	6.7248009	6.5434392	7.064881	
0.07045	38.7127217	34.1260085	-33.8074368	29.8662428	28.267967	2.4478602	2.729358	8.5064368	0.45041	29.1858977	22.8410381	29.3250509	9.4266197	2.6426772	7.5971852	
0.7510977	35.3261731	31.5699045	-31.9685281	26.1925633	28.3560766	5.7735811	9.3723302	25.2281572	6.9335093	23.5061182	7.7039148	29.8179934	9.7421203	6.3874624	9.3043179	
0.8527366	35.6413383	26.0737709	-29.0196867	29.3312169	23.9800789	5.2985474	24.1991807	27.9573687	20.4206933	25.3155362	8.7290146	29.946765	8.523106	9.8197899	9.8474569	
0.68195	32.7960472	26.555676	-30.0039259	26.8950067	27.2220337	3.7019091	20.3977606	25.9416619	11.4705731	28.2505244	5.5084768	28.5869278	6.840527	9.5925365	9.5232848	
0.8838596	36.7245513	30.7924477	-27.8432967	25.7865353	26.210009	0.9188527	5.7033416	27.7009357	5.5164247	25.962217	6.4085211	26.7253775	7.7393042	8.6577134	9.5211707	
0.5134672	32.2270678	32.7622606	-30.2136116	24.9593914	26.0381392	5.8444696	12.3281051	26.7834771	6.5165427	26.097414	6.4984483	29.2076049	8.4796741	9.3542565	9.8164147	
0.8270518	35.3737109	35.1405423	-34.5231767	24.7501756	29.2988319	2.8980468	5.1346731	28.4520529	5.1375224	29.859115	2.8859962	29.6049256	9.6752677	9.4759279	9.7512527	
0.8591677	38.5301651	39.0615272	-30.9742047	28.6570006	29.613201	4.7356687	2.8076969	28.812164	2.5178896	29.6692939	3.4204458	29.829948	9.7430353	9.4791638	9.586118	
0.7977514	39.7509562	37.2578618	-37.8345289	29.6570345	29.3170657	1.2195658	1.5554316	27.5751758	2.8680084	28.5970924	0.5761369	29.6358804	9.8914469	9.4030085	9.3102805	
0.9454725	29.4607586	28.6019446	-32.1361064	28.7029845	29.6162479	10.4153928	9.77525	26.887313	11.8352375	25.8872192	5.8341642	29.7426118	9.5176446	8.8979948	9.904517	
0.1303274	15.4634252	20.9614419	-28.2249972	28.035303	25.7637594	8.111889	9.368442	26.1696055	1.6799582	18.7467985	3.2309193	27.9808381	9.142864	8.1174599	9.6997397	
0.2952689	23.6871931	24.287948	-27.7698373	25.2874976	26.146451	7.721062	10.8878517	24.6104841	6.8268108	22.0952757	3.4191119	26.966639	8.161754	6.8707899	9.6493923	
0.5116276	31.1444669	34.1734153	-34.3601818	24.7958297	23.9612497	7.9396036	12.3100907	25.4434309	4.3849748	24.1922795	5.3564965	26.7946845	8.6853328	7.3866425	8.5284564	
0.9685248	25.6179916	27.69086	-29.6486966	22.8209514	26.0780678	7.6683383	21.953466	26.4411305	5.3694454	24.2525802	6.5517856	27.2773481	8.8412731	5.4279189	9.1728685	
0.6485364	25.652665	25.6826737	-26.0219309	26.145174	25.1701525	7.5540284	16.6592009	19.2342556	7.5221613	22.2432924	6.0258786	27.1299536	8.3971073	6.8505763	9.5084629	
0.2153563	30.4754761	19.1076134	-35.2809195	20.3685096	26.4339222	3.1172447	10.3091357	24.3662855	5.8262374	22.5001768	3.1063424	25.7616329	8.4770363	7.2686219	7.8392034	
0.901598	38.2162516	30.2058505	-38.8704253	28.3756117	28.3128208	5.407588	6.8326014	25.1861742	4.7608664	26.9098937	5.4096397	27.7346791	8.6205408	9.4596781	9.9546775	
0.960689	20.9181264	23.3085481	-28.466888	28.3774405	25.6968969	15.1003843	9.4522129	27.8050828	7.154431	26.9603145	15.5926824	26.7947078	9.4345182	9.6097402	9.2784763	
0.2245015	23.8998172	-5.870334	-35.0895035	17.9980321	27.8484909	7.3398273	20.9441828	20.4408859	12.3560877	21.6454239	1.7622479	21.5906928	9.0629018	8.4164296	9.0043258	
0.175239	32.134497	14.1443308	-27.9428581	26.0840753	26.4718602	5.483827	10.0196592	23.7102609	6.4446337	24.0815329	4.8352439	27.6225725	9.2133737	7.3402807	8.0962241	
0.6952699	32.80083	36.0394894	-31.6488829	21.6964312	27.8568455	2.958699	11.7794521	19.7005164	7.2675453	28.0884507	10.0835424	27.5662906	8.5463412	4.9298522	8.8328245	
0.603851	31.0718965	31.4806213	-30.7476933	26.2702297	27.7425522	4.1537899	9.5105156	24.0171016	6.2730802	26.8906389	7.0715288	28.4040436	9.0939371	6.6404083	9.3683376	
0.8176277	30.8097228	33.7274135	-28.5818786	28.6449419	29.881163	5.1132004	9.8465682	24.8575203	5.4064874	28.0858126	7.1647474	29.4120904	9.388562	7.0448762	9.8197882	
0.5676508	31.6280395	28.4000309	-32.6604038	26.4789668	27.0896916	2.9901991	11.3090351	25.1890141	4.7287402	27.4906669	5.7126439	28.1928692	8.5969971	7.2170135	8.9528359	
0.1113282	22.3141839	24.7515347	-34.4176824	26.1168931	23.6925202	4.8646093	3.3756776	27.7230042	8.70618	23.0809051	3.6189118	27.6606226	7.7135877	8.317579	8.4618497	
0.8456359	8.1463648	11.5347405	-32.2038255	28.943242	21.5340892	8.1309597	8.1401687	23.8655424	10.7301256	21.6210818	9.8187308	24.2827227	5.3036632	8.1578008	8.3205376	
0.9346125	29.8942518	31.8852316	-35.0134877	28.3049121	24.9355566	5.8021577	13.9243246	29.9718223	7.3819415	29.9683023	6.2590627	29.331105	8.4604093	9.681818	9.8977026	
0.4360252	22.4796378	25.252741	-31.4474226	26.2937827	26.1863274	7.0204614	25.5431436	22.0614448	8.7331958	23.7712481	2.6395045	29.2338881	9.6747398	8.2528113	9.7200759	
0.9121739	16.4794036	12.7152286	-21.051106	26.1390937	23.488785	14.5747646	17.2631084	20.2165047	15.5147959	25.5785072	11.635421	17.9508854	8.0688563	9.200062	8.699084	
0.4887464	22.4323409	18.0871635	-28.656196	25.811212	21.2875079	8.2608734	12.6803488	18.5726777	7.252635	23.5954171	8.2025086	21.8936377	7.0938707	7.7489862	7.0787329	
0.3945018	38.8517939	26.6712334	-31.8803607	24.7145473	26.8543095	2.9009024	16.1547532	22.7300106	9.0763914	23.9484354	2.4074331	25.7083843	7.7575655	8.9689918	8.9566971	
0.6687987	37.9136669	20.5008767	-30.5602684	21.7099002	29.5186387	3.3211916	18.3910456	25.7632318	2.9701364	21.6166026	2.7479021	27.6082658	7.5089709	7.8441496	8.3585331	
0.9906308	38.7561929	21.8275917	-29.5944979	25.7915258	24.2405957	2.8534438	15.0835851	27.9921889	5.8616781	20.2785324	6.5096676	27.8029099	9.3916238	8.8589235	9.9375191	
0.3120446	21.4847238	30.1246252	-28.6936317	24.7473972	23.6811556	11.2256328	4.1155934	25.8534153	3.0067348	28.1117242	5.9456377	29.1915987	9.9006149	8.8833056	9.240603	
0.8295357	33.380329	24.747946	-32.4260519	23.658053	26.0980371	8.2277957	15.4761121	20.0279804	10.210558	27.2611201	12.7735657	29.1357306	7.804092	5.4008653	9.5262639	
0.5785347	-21.1845648	28.9950657	-15.9136717	23.7737372	6.3467488	19.373487	8.5161679	27.9315187	25.7837942	22.0432315	6.5164348	29.5835416	9.4494056	8.2534308	6.185306	
0.4111949	36.7519732	27.6481748	-32.7224253	27.5775933	26.929333	5.0034087	7.5686512	27.4465039	4.0344255	26.3411748	3.5853965	28.6781575	9.8078135	8.7151771	9.6792213	
0.2780545	11.3437946	29.9024821	-30.2973326	26.8011207	3.934827	8.5562156	16.321916	27.0616003	13.2411088	23.8500128	1.6306335	22.9660114	0.6996104	7.422784	6.1487586	
0.9415677	23.9414117	33.8362568	-32.9338882	26.3397545	29.4831084	8.3297412	12.6306176	25.8210364	3.1177459	26.3323771	5.7212843	27.270895	9.2865464	9.8591512	9.6812699	
0.956809	11.5920955	27.5208704	-17.5870119	18.8215187	20.9382204	8.8483769	3.8142446	16.7383293	8.6837293	28.9272539	4.5776485	25.9768539	9.6426348	9.3755882	9.6348348	
0.7945409	25.3386811	26.9746178	-28.8752606	23.7631469	27.2612504	9.4462292	18.1736169	21.2720947	5.3325582	24.3889385	5.189807	27.9532245	7.3687499	8.1331757	8.5915214	
0.5899429	37.0829377	27.2271823	-29.8471639	24.2398092	24.8166107	3.8116509	10.8497037	25.1415176	3.2582837	22.2713952	3.8410513	27.5106431	7.7324993	8.1790501	8.3311713	
0.3552147	11.8721845	-11.2226213	2.1800237	17.7293824	11.3057664	8.8791468	16.287261	23.613401	4.9081758	12.6252409	13.8755394	29.3033154	9.0892428	6.5319789	7.1019335	
0.3882658	36.8903975	25.6849967	-36.1193544	25.2536391	29.3548557	4.8618987	9.3909549	23.0190502	3.3757798	22.3357924	4.8895605	27.9523274	9.1300724	5.824374	9.432005	
0.3882658	37.5165301	26.3111294	-35.4932217	25.8797717	29.9809883	5.4880313	10.0170875	23.6451828	4.0019124	22.961925	5.5156932	28.5784601	9.7562051	6.4505067	9.432005	
0.4300747	21.7947232	23.9174481	-8.4308106	12.9233535	25.246482	18.2186944	20.0528579	19.633137	12.6218145	11.5520298	7.4789002	23.93429	6.8468259	7.9352446	3.4664821	
0.9765872	33.9083747	37.1645671	-34.9040952	27.6555882	27.2493631	10.0515213	19.4457913	26.1329686	0.6444844	23.3395646	4.8396707	27.9647799	8.0234912	7.9994971	9.3320205	
0.8242185	31.8651535	19.5483315	-32.1104601	29.5723562	29.8026938	11.3236993	14.6700282	28.0762568	2.7950744	24.474033	4.3830635	29.895164	9.7600084	8.8037705	9.7836631	
0.5155382	29.2722734	15.0113977	-29.5402092	24.7145463	26.7993572	7.2722832	13.3426765	23.6424479	7.3372776	21.8525301	9.9884675	25.4227776	8.7838712	7.0052135	8.8144693	
0.9447493	19.0839432	28.6248284	-21.1396289	22.362939	26.6661585	6.5131013	14.3867115	23.0735154	8.4837037	25.7190856	9.9202484	27.6646836	8.6068619	7.8850983	8.6533158	
0.8493871	23.2724045	38.7702358	-38.3887425	20.5876752	29.8429607	1.7184458	19.3369587	20.111973	1.1828166	26.9970856	10.3892009	27.9820129	9.4844576	2.0657955	8.8591505	
0.2371872	19.9734012	29.9555931	-25.8801487	23.1753753	28.0126395	3.498232	13.6792851	23.9203746	7.5709965	26.0153475	9.3344641	26.9552765	8.7161038	7.0637554	8.3854433	
0.9847228	22.6170572	21.8568129	-29.4551842	27.0187791	25.1711304	7.8327572	11.7918048	20.8839074	10.1793281	27.0819493	9.4444818	24.9003103	9.0751998	8.6270882	9.5427885	
0.5885684	25.8449326	39.9933638	-32.0063687	26.8855592	25.5861126	1.8766459	19.0486869	28.9098631	0.4706879	26.7124082	4.4795768	27.5894381	9.0067641	6.1245873	9.3353267	
0.1773275	25.4322462	30.3550477	-33.0691798	24.0655504	27.5052296	5.2401726	24.2890529	24.6876944	6.2278787	21.1210178	4.6295055	22.9608671	9.1498149	3.8625737	8.2209206	
0.5761415	35.0897903	16.0911804	-15.4309426	27.3545818	27.4908492	12.7413629	16.8667009	23.8319898	10.3519628	18.3905735	10.7883408	25.9020141	6.4270843	5.7330591	7.884293	
0.8274763	-15.9210464	27.3557631	-24.6704166	19.468256	21.2226037	7.5600631	6.8460082	6.8887693	14.9279473	17.5459127	9.3168854	24.4317093	5.8070108	4.0915153	3.4087031	
0.2047293	14.4192748	34.0450416	-29.1577241	27.262913	26.9334593	5.6344704	20.401002	27.0448987	5.3486462	28.1590346	6.662305	28.5040661	9.1120623	7.3006073	9.2559168	
0.5065265	20.2014688	30.6268146	-31.9782771	27.0128089	24.5766544	11.9824243	20.660245	28.6505238	8.767205	27.5845834	6.8531281	28.9515504	8.1842804	7.0583192	8.985718	
0.3711751	37.6728284	23.0648401	-34.8448212	26.9200183	26.1161592	8.4067095	1.4546203	29.4152827	3.8878501	21.2159082	24.6760791	28.0950846	8.373093	8.9919346	5.2451348	
0.7938506	32.6991746	30.1331909	-35.7492541	29.0765648	24.8851889	10.3429871	15.0141153	28.8388348	6.3214831	27.442476	10.4107219	29.9520028	9.0279146	8.0803999	9.5325077	
0.6013817	24.8261469	27.5288784	-26.9982216	18.4655871	26.759807	3.7639484	20.5846285	24.0001026	13.5154639	26.1370041	11.3407328	26.1615581	5.8411845	7.7796709	9.2056177	
0.7535381	26.4610513	29.762267	-26.9150713	14.743926	26.8934265	1.3194949	26.0224369	23.5826766	16.739466	28.2666884	15.5446413	25.7141012	4.5483694	8.2071722	8.8168579	
0.7845336	25.1482751	-1.9060327	-33.0984147	17.8216225	13.5774538	8.288368	13.8778385	28.2528402	7.2133745	12.4356322	8.5124747	10.1028522	9.8013248	7.4711356	8.8801413	
0.7995428	34.2941186	28.6011017	-34.6924699	25.6898677	28.5576367	3.5948396	12.2420845	27.7604702	3.6804695	28.0970063	4.1552096	29.2423554	9.1151151	9.1314759	9.9828707	
0.14317	26.2956456	29.63985	-29.1539243	26.7347952	27.5581718	4.8032353	16.0795477	28.7148425	5.9765382	27.0665564	9.6788435	27.6054067	8.5236434	8.4641141	8.9576114	
0.9223733	30.4925123	30.1269358	-29.6540387	25.2825118	27.6867688	2.4287711	10.6082155	24.7611852	9.1203953	25.3547043	9.4030278	28.6716701	9.6894173	8.7937587	9.5126149	
0.0811911	15.5500463	11.6344548	-29.6719554	20.9921497	19.4293496	6.4797664	9.3387077	24.4955203	9.3334833	27.656764	4.1355529	27.7304099	9.8394454	3.9148383	8.9458965	
0.5878084	35.9970035	31.927629	-35.0638388	26.9290388	27.2652613	3.4058011	10.748865	27.8002692	2.1505388	27.2730036	2.9059595	28.0410333	8.9113705	8.5196499	8.9293509	
0.8063605	31.2098927	25.64995	-35.1789371	29.6589626	28.1123651	7.6276613	8.0908004	26.5603829	7.0014488	24.5137593	9.39888	29.3328936	8.9678643	9.7366656	9.4767489	
0.1977038	30.6953436	29.7455084	-36.2654202	29.8370102	27.8664525	1.5015612	10.4488288	27.5378977	2.6889719	21.4315235	9.4154625	27.1860512	9.0890794	7.7471049	9.5747832	
0.7018155	26.9993273	29.2835252	-27.9630695	27.7844059	25.1401817	6.14277	9.8618384	25.1372755	9.8072686	22.3575725	3.5866484	27.520651	8.571984	8.3922659	9.6158408	
0.6871328	31.9778578	30.5807411	-29.5438151	27.5969401	25.909007	6.3198778	11.2008215	27.0420817	6.9278745	23.9256144	4.8633759	28.2130495	9.1663682	8.7909499	9.982595	
0.9121615	29.8970342	8.9932128	-28.0607175	29.5126443	29.5115645	1.1360336	10.2951347	21.9362908	3.2779791	27.7402176	4.0514666	28.3370571	9.0005212	9.6333817	9.5675851	
0.4995577	35.667824	14.9309437	-22.3575563	19.3933782	29.6110101	6.0890709	25.3672275	29.2610203	3.4588379	19.8081976	5.0197323	23.8969418	7.7630584	2.1523138	8.9330956	
0.3258878	37.1882595	24.2296677	-38.9954918	20.5849891	28.6256271	5.3719475	28.833323	24.3938952	3.2343802	25.5960504	1.5319696	28.9931366	8.6208836	2.4734796	8.9341553	
0.7457479	-33.3485777	-24.4537298	24.2500037	17.1038133	1.7718664	11.6334695	22.7871982	9.3159496	19.8376181	13.8818721	13.6534502	2.8120481	8.0674204	4.8882757	5.8895153	
0.8615798	15.8861726	32.3993789	-16.9682062	29.0354695	28.989913	4.8135004	9.6132036	24.4536488	13.0220186	29.6601793	19.6668894	29.604862	9.7951338	9.868141	9.3348295	
0.7860743	37.943705	23.7087633	-35.3607591	18.9141159	27.8773841	2.2320932	22.1409652	13.1480446	1.0269172	27.9529972	9.463195	28.1228278	9.6121686	5.5899884	9.4027833	
0.1678479	37.4393816	14.9850224	-35.8706274	15.7347407	27.1980736	1.7302734	19.6392031	11.4280042	2.7734326	27.2441581	10.7928757	26.8750745	8.9768186	4.51749	9.3741264	
0.2710681	-1.2752305	4.9652684	18.6759174	15.7014864	13.6734601	13.608139	13.9203912	18.8995299	17.0191637	7.6933427	20.3969862	25.3237804	9.7201509	2.3410672	3.279268	
0.1466926	31.558253	26.8335034	-34.6790739	21.5436319	25.9261223	1.5757356	4.5980673	28.9957561	4.3479374	29.6043026	1.4650207	28.52002	9.0810551	8.6460417	9.2205726	
0.3188625	28.134261	30.3985965	-29.5471963	24.1015182	25.857336	1.6233274	5.6642265	28.3401133	4.4826343	28.2793558	3.1118144	28.6321049	9.4796721	8.789005	9.0800307	
0.5295668	10.3390028	10.0943048	-8.6867008	13.8296118	17.4130568	10.6189706	16.2550692	21.9965592	11.3576055	27.6132085	3.4636568	22.5159241	5.8960162	8.9315585	9.1800869	
0.1703906	38.8346477	7.3724034	-30.6832394	16.7614622	29.322398	0.5703963	22.6074209	15.1006757	12.7008223	20.0990981	10.7061027	28.8289828	9.0402573	6.8895907	9.9746414	
0.961604	35.8235774	10.5631663	-28.3091975	17.0605052	26.8500089	6.6204751	19.6723304	16.2531109	11.1596858	19.8336403	12.0993551	27.9839963	8.2358037	7.5123394	9.4119381	
0.9602153	26.536499	26.6639382	-26.1013083	23.7712955	24.7971379	4.6610035	12.9489659	23.468329	11.5928078	20.6488082	10.5987634	24.9523821	8.8790823	8.4188404	9.0913459	
0.3807056	19.2051046	-1.8468521	-1.1116999	18.0650929	15.2935652	7.0294323	5.3398282	21.2628643	13.2556906	23.2381917	17.1566127	20.9223664	3.6458176	4.9369748	4.8186166	
0.4517358	24.0530743	-32.6217552	-12.083138	12.6643179	9.3198279	22.2731633	11.3506306	24.3661771	25.7535522	20.4228012	13.2448359	14.9059538	9.5629837	1.8668466	4.9137226	
0.9174259	-33.9645373	-18.4063324	0.9345174	18.8089906	3.1370979	26.1035808	9.987624	5.1674476	29.4763644	5.1380442	28.1669468	2.0646158	9.8057405	9.9321919	2.551411	
0.1575051	36.0916336	32.0310236	-37.8795279	26.0391987	27.2642568	2.7876921	3.6879465	28.5958316	4.7657594	28.813237	2.4938693	28.4894289	9.153849	8.3032255	8.9219195	
0.4042539	24.0786754	16.8197763	-22.7903046	22.9276966	23.240261	11.0219903	19.9093773	29.6429046	11.1575378	18.1604289	6.4498251	25.6347627	7.3683438	6.129859	9.7175043	
0.4859077	32.7829111	34.3166589	-30.4675681	26.9137701	25.4901308	3.4582574	14.6017686	26.409785	6.2116358	26.3838206	2.4448218	26.38026	7.8678607	8.9278118	9.1316728	
0.2452289	31.2075545	37.5512408	-33.9880514	27.1211396	26.8209991	2.7955276	10.4149089	25.7970997	2.8924245	24.1572978	4.730817	28.0400828	7.890464	8.281353	9.2946735	
0.7472558	9.2628032	-11.1504473	-29.3504903	5.7574863	3.376175	27.1645562	15.8987739	28.4238713	16.2553961	21.1618377	26.7366098	3.0238905	2.0991124	2.9399354	6.5042145	
0.4989671	-11.9053136	-25.2461947	36.0001011	10.6218834	28.5457069	10.9814133	23.4793768	24.3310271	3.3665717	4.5409968	0.6287803	12.0495702	4.0840684	9.7554849	9.9249907	
0.8757127	31.4202333	34.615754	-37.5606968	28.086544	23.3395713	5.4790192	7.5865276	26.4424779	0.885813	26.4681815	6.3245738	25.2129322	7.1872717	9.1235845	9.5248144	
0.3330334	38.9999373	38.6935831	-30.1508147	29.0213213	24.3329194	5.068187	2.2563532	24.1692165	2.0889391	24.9208089	4.036694	28.0404692	8.5047981	8.4051885	9.1714608	
0.7927095	36.9655574	33.267771	-28.8090112	27.3660526	27.6815582	3.5118838	1.5680326	25.2775354	4.4630944	24.730185	2.4249461	29.9082447	9.4094913	8.3595018	9.8016013	
0.8580873	30.6677954	28.4592015	-35.0724279	26.1331725	25.489486	4.644708	14.7672153	24.5502638	4.5056172	27.1616152	6.5161466	28.5712425	8.0433056	8.0381468	9.1024761	
0.761398	27.7804089	27.2219346	-33.9891024	25.6707183	23.9299306	4.6402115	17.5575215	20.9256969	4.4851909	28.0310232	9.0952864	28.657829	6.9361981	7.9662339	8.8940059	
0.700595	35.7307406	29.5459348	-32.2809055	19.9278399	24.3887859	3.5540858	22.5292576	19.6375139	8.2264108	26.558596	6.7174886	26.7488798	7.3926842	6.0364964	9.809458	
0.0744624	34.4784753	29.4435726	-35.6394593	21.5715908	24.0104992	2.2533446	17.6541835	20.1649994	6.3437104	26.1789361	6.5394555	27.0386549	7.4227816	6.2872193	8.4068909	
0.1072379	6.7128192	27.7372328	-37.9732293	28.1793616	29.5414291	1.4283701	7.5651546	28.2028688	0.6252797	27.9601415	1.8840497	29.5832224	9.7404945	7.426623	8.9613078	
0.980546	27.7301038	33.6170918	-20.2358651	25.2852074	27.2118696	7.9490371	14.2274294	24.6710902	6.2937811	28.023902	5.4987086	29.2962078	9.3114104	7.877538	9.4148534	
0.4052974	21.0482269	15.7192122	-23.1595786	20.8217705	23.6441163	8.1191695	15.7962509	21.9228094	12.3046801	20.7092428	5.1199803	22.8200333	5.0332391	7.6725658	8.3410739	
0.7128078	31.1735908	27.3093781	-32.7214664	22.6713959	27.6334679	3.9394009	16.3387406	25.3293594	4.6831327	24.4868225	5.4083974	28.6829868	7.9621915	7.8570114	9.1100739	
0.315527	25.4816692	29.0186464	-24.2710533	25.0231411	24.0902508	5.0991194	12.5691679	23.6417693	7.6358433	21.4112157	4.3431058	26.4480718	7.8812141	5.7389786	7.9484532	
0.2721487	30.8223412	34.0544345	-15.0433893	23.2462225	27.6215866	4.9064326	9.8727156	21.4988873	4.034009	27.2165621	3.7966366	28.4560442	8.8977706	7.3268202	9.6017424	
0.7287862	25.7513607	16.1083242	-30.8106253	21.9475992	24.0922057	11.3139479	12.3867199	24.2120245	3.8311941	20.3375046	9.3519041	23.9274046	7.1797122	8.1829383	6.4948448	
0.0955794	31.6160962	18.1309925	-37.3929358	18.9789238	26.7166148	2.1051655	8.8981577	25.8645178	5.34836	22.6771785	2.6871893	25.6009861	8.4362023	7.2974367	7.4630017	
0.1435905	31.6160962	18.1309925	-37.3929358	18.9789238	26.7276381	2.1051655	8.8981577	29.034592	5.34836	22.6771785	2.6871893	25.6009861	8.6987705	5.0077016	7.4630017	
0.636305	30.6037947	18.0472172	-31.3630154	22.6104761	22.9994819	13.2954055	15.4350055	27.1173969	8.9338054	24.5554541	10.629027	27.4399799	8.2928556	9.3927591	7.8437392	
0.1684256	19.1673864	24.7110708	-31.5189657	21.5199354	23.7656386	4.9274228	8.393557	23.2815233	8.2937497	25.3486517	4.9760307	26.5817225	7.2632505	7.6287187	8.8995266	
0.7206558	6.4270071	21.6334004	-33.7345444	16.6450285	21.8250955	7.1593037	2.8203111	21.1714836	12.6662134	26.6456551	7.3619435	26.3939413	7.1129193	8.5128766	9.5680732	
0.3680552	-25.8592261	24.1240081	-1.5369432	6.5254237	8.3373675	7.7032809	10.8278621	10.5341655	4.7982236	13.5216927	6.3712614	11.9509537	6.6063433	8.3877896	1.9360362	
0.3196691	34.5290918	37.8500265	-32.2138947	25.5825473	28.2511883	0.984671	10.6563965	25.8341669	2.1108392	27.5001793	2.0130269	28.4983192	9.2793651	7.2510033	9.4888093	
0.8559365	-21.3905539	15.3027935	0.2850194	21.2981903	26.3465464	24.1366707	5.659809	6.5040005	9.4243071	25.3158392	22.8453796	25.1560788	6.6914454	1.8386766	9.7459553	
0.3938281	29.8422708	24.0378369	-30.6345383	24.8361974	25.1576692	3.1232581	8.7150921	28.2342077	5.6856503	16.8608346	0.5245907	29.2780947	9.213742	9.3150511	9.284323	
0.450193	30.1100891	23.566706	-33.9190726	23.9781594	24.5128313	9.4372884	13.4573711	25.9135772	9.1396964	23.8335014	5.5859087	27.9368852	8.6981134	7.3550029	8.9935478	
0.1521627	19.5469272	-15.8015882	-31.5561383	22.9994177	26.7463167	18.4608775	10.2174233	26.0485086	15.5176632	15.8470258	21.7890387	11.1680406	4.2311361	1.4063398	3.4679434	
0.4127509	26.8233088	16.7379468	-31.3351258	25.3409545	25.9724199	6.2027909	14.5343991	24.8212976	5.5952639	24.6619331	6.8954595	26.9534042	8.6197186	8.1916527	9.219468	
0.491979	23.7925216	20.5093468	-13.3925553	19.7331423	24.8452812	10.8898894	16.1068889	20.8820168	10.0286368	24.6322443	10.8769686	22.5956753	7.6082132	6.61069	7.4706569	
0.873974	38.0243505	34.8010634	-39.7167831	27.1592531	27.7974267	1.8168935	7.9696648	24.9775294	4.5731239	29.0992847	1.6193557	29.0217133	9.2690965	7.5076149	9.8627331	
0.543558	17.2546693	36.011126	18.2758348	23.5941445	19.1715133	9.1747885	18.9006145	3.8248315	1.4452424	14.3262836	15.0585223	16.1132312	3.9541453	5.3223583	9.0672213	
0.4752241	35.9451178	21.5167893	-31.0369342	27.2268941	28.670571	12.8644031	19.0795781	27.423971	2.2806252	23.7676613	4.1358365	28.1374497	9.6996662	8.1140594	8.7886923	
0.5071933	33.8915081	0.8026265	-31.5528292	15.4811901	19.6854792	11.5502463	7.8896376	21.4767905	3.0146983	17.771716	16.3106258	24.0449933	6.8839088	8.4376321	6.6254626	
0.7594684	-3.0244699	25.2805876	-27.9797825	24.625517	21.2656586	5.6400487	8.1594479	18.5141972	9.3081561	23.8783052	2.9874836	18.6115784	8.1391196	8.5805985	7.1267071	
0.4147405	-2.4028571	-1.3838873	-34.3377516	23.7834726	22.32724	5.8324973	16.1850973	22.0983745	10.4758396	24.3266475	10.5084721	14.3184814	7.0749329	8.5392782	6.4871834	
0.0330279	36.440785	33.7395476	-38.947697	26.8676128	12.2928163	2.3509022	7.3614013	28.1869339	18.8528429	29.0847877	3.6562928	29.5656052	7.9159149	9.8681258	9.5547573	
0.2196522	35.6337075	21.004546	-34.1566628	18.670175	20.5817938	2.1873524	12.454268	23.1113208	16.8903706	26.0518562	11.3358447	28.7275614	4.2339642	7.1065291	9.0639017	
0.7854881	30.7380998	24.5506587	-26.2282013	29.6053818	29.7275768	3.7903344	16.5278512	25.9572396	4.9586672	24.518472	15.0538587	29.0408645	9.8951486	9.4908898	8.9914322	
0.8974778	27.0695054	24.4996229	-31.2502474	27.4206749	25.9938617	8.6759494	15.5972774	23.5780778	10.7675111	28.980101	10.6915504	26.9542961	9.8235553	9.4462523	9.9723513	
0.1867189	26.6869235	27.0852266	-20.5239921	20.0372221	20.7221548	5.0657558	8.1226304	18.5490505	8.0334167	24.2973094	16.0406402	26.5338788	7.9962376	3.7396258	8.9434813	
0.7728599	37.9711404	38.7679531	-28.2427274	19.4497293	29.7912811	3.5739271	16.1244154	20.2589136	1.6056522	26.8252685	3.3428072	28.0825756	9.7854426	6.9727496	8.8266193	
0.6859051	-0.669121	-0.5891013	16.3920713	25.7633087	23.7408971	19.1044813	22.2784282	22.7572945	7.9023671	29.7396788	1.6174222	29.4053744	4.8059283	3.6743791	7.9334187	
0.3182093	27.5738707	-12.6470606	-8.6929663	17.1155359	9.1178394	5.6444922	26.9810127	22.5579135	9.1133654	11.5412628	14.3227618	29.3228123	8.8593906	7.0253154	5.2677702	
0.5285694	36.4267324	27.355866	-32.474462	27.9509142	27.6655253	2.4647551	6.3718856	24.8416863	0.1717743	22.0233741	4.81892	29.572842	8.9509204	3.2973401	9.5116183	
0.4926765	33.6738618	26.4566699	-38.4489558	24.2247498	22.9862232	5.9626407	22.0639485	22.058245	8.3916307	27.7559343	5.6940704	29.399443	4.5616517	5.5692224	7.4287861	
0.3490046	31.2155705	20.9306531	-32.4085779	24.3223646	25.0403352	6.7728084	11.2609437	24.2561601	8.4159317	22.9838787	8.402361	26.1739035	7.8622237	8.4068122	8.3576351	
0.2091135	34.4487512	33.1600876	-35.2093004	29.4247674	28.0644991	2.8789413	7.6813097	29.6383599	9.480294	26.6370306	7.2395593	27.9106134	8.0064763	8.4477066	9.9326408	
0.7998373	34.3154127	36.4285534	-35.002302	26.1846104	28.9725378	2.6513192	8.1675046	29.8800159	29.6608982	27.9750883	4.9597933	29.9962523	7.9670198	8.3998447	9.7761136	
0.8069983	39.4435335	37.8398203	-38.1684912	28.7313184	29.5733825	1.0705176	3.4149907	28.2554303	2.5309463	28.866282	2.350635	29.027258	9.6873588	9.559781	9.8936934	
0.8072566	36.5356806	32.5366716	-34.7583485	25.6542827	27.0679016	4.1524412	11.6663708	27.5524386	0.9740182	24.5274771	2.1666985	25.8678319	9.3257947	9.0083087	8.985156	
0.8070957	39.4458675	37.2140867	-38.7948269	28.1095983	28.9499968	0.4441625	2.7824005	27.6373377	1.9045836	28.2485679	1.7195764	28.4079737	9.6898343	9.5613701	9.2697193	
0.6562985	23.642015	18.25912	-30.3673997	23.6269161	28.4342217	5.5348688	10.4184958	25.5702417	6.2320064	24.8538122	5.6322252	26.3454837	8.5581368	5.148256	7.7971024	
0.9145454	27.7502437	24.8715024	-26.2210809	26.1958712	26.7061146	9.2397169	6.2343459	21.2933882	11.2007821	18.0875209	6.5518384	27.9051522	8.779555	8.1853796	9.7389938	
0.9383191	38.9336771	29.4716727	-9.9715139	28.9185105	29.5613632	2.837986	11.6802224	29.1140077	4.9575074	28.9804107	1.1440968	28.7637678	9.8095525	9.6641722	9.0286554	
0.5803252	39.1145168	35.3099927	-35.2631814	28.7046737	23.4557514	10.2840534	5.3042268	26.9649168	5.865565	21.3366716	22.1442914	28.9003759	7.2837026	7.4256002	6.9968974	
0.5864039	30.9128062	32.2557192	-29.8561726	24.4711895	25.903245	5.0808256	13.8800791	26.1420121	6.2542319	25.8708915	6.7643418	28.7407294	8.0169109	8.7643978	9.2453659	
0.8751402	4.8965011	32.6364711	-39.1088904	24.993939	29.9948668	4.2312443	23.9037095	29.2186916	8.1967906	27.1431614	12.5769179	29.2477686	7.3368708	8.8798858	9.4207406	
0.857915	18.85205	22.6344761	-25.9287267	25.1908176	22.2151389	12.189041	20.2310383	24.1716878	9.2064855	25.1707591	10.5475216	19.2717126	6.7313511	8.4336044	7.3481292	
0.6713189	31.926591	24.3821535	-36.0519962	28.8164894	27.8886372	2.545032	8.5201893	27.3391424	3.7745492	27.0741472	2.3912347	29.0472729	8.9832255	8.8887273	9.8521624	
0.7760088	2.9559837	-12.5413517	-11.3871752	29.189988	29.4482777	8.8219512	8.1921323	6.6999332	19.9971833	23.4247594	24.5890816	27.2562894	8.539129	6.6761993	9.7980072	
0.4823922	39.7317916	35.2129562	-26.5142826	29.0295518	29.9605433	0.9342084	1.1497099	25.1218492	1.5112027	29.556841	4.2742508	29.5065708	9.5503857	8.5869945	9.8691656	
0.2842358	35.386891	32.4911576	-38.1094196	13.9281869	28.1323053	12.8871547	25.4498338	18.632392	2.9244259	23.2921175	0.243114	24.935035	4.6932984	4.854541	7.3668826	
0.449001	-26.4344856	-32.7886111	13.1210591	21.6637289	27.868279	25.7086553	2.7444142	13.8910536	20.7594447	25.2135812	10.2050948	21.9795353	2.2721395	5.0539824	1.9953164	
0.7380853	37.5346746	26.4110184	-36.4533811	8.84147	24.9789531	15.3383576	24.7354737	17.6307026	3.63382	16.9892294	2.3059361	23.3751231	3.5179183	5.5064054	5.8766766	
0.1906343	31.2217345	31.5472166	-24.6830469	26.0501533	26.3027907	11.2102601	9.9144019	23.9069932	8.0586117	27.702415	13.2146432	26.2086506	9.1491006	8.7975521	9.5284454	
0.7988181	30.9692776	32.7024373	-28.7584621	26.6890376	26.4536565	6.9722556	10.034525	22.3729855	4.9569625	25.640041	1.929742	28.4801402	7.6133655	8.0428553	8.1011766	
0.9995246	29.5125105	38.0374508	-28.9958429	25.8378298	26.2043523	9.1772081	7.8533821	20.175248	9.3290259	26.9219295	4.6661247	29.0586643	8.276821	7.9207444	7.7154428	
0.7478159	26.8304017	25.2470047	-33.0220273	23.7503516	29.8842773	3.8580176	10.9250008	20.5708449	6.6276894	28.4661323	5.2131286	25.3807168	9.8815368	4.8966323	9.8121575	
0.0992326	36.2703366	-14.0632744	-19.1034347	25.663943	24.9372329	5.5308321	5.6844565	21.0939381	6.6395768	17.2617248	2.7839003	23.6568085	9.9245065	2.9609831	5.0001547	
0.8982262	29.0212329	12.0053347	-25.7596981	25.226719	27.3247661	5.0443998	11.9007536	24.0608951	8.7526142	22.7219202	8.3455446	26.1073344	9.7202394	6.776233	7.5337251	
0.8806825	29.993804	25.8424626	-32.5086516	26.0063476	26.8319328	6.5478753	8.7217703	19.2897345	3.2682525	27.6307999	4.3316242	26.1243125	9.5903983	6.6177264	9.8057635	
0.0801988	32.2249516	31.3888216	-36.081581	11.1552182	25.6882522	0.9902221	16.665267	10.8517324	3.8386365	27.7796656	4.2877438	28.3473074	7.7218722	4.2402857	9.4088297	
0.304999	27.1810873	37.0874396	-34.7553975	28.7709206	16.6754667	3.4902259	10.9339024	29.4264868	9.4524962	24.0718718	2.7329122	28.2092618	4.9012486	8.9036281	8.6031629	
0.3397841	28.194938	32.6396903	-33.898694	27.0531314	19.9697507	4.6161582	11.4119329	28.0977311	8.0225332	24.3611626	3.9750566	28.2288712	6.1343485	8.295671	8.5811424	
0.7711297	18.7009574	6.3475804	-25.1253176	25.4752033	21.3411051	5.2116015	0.5681115	28.7284216	17.4036494	25.7884561	7.7084754	24.1470944	8.0240368	4.5293525	7.2763379	
0.1754864	33.867278	18.1218133	-36.4572084	29.0281996	28.570016	8.2624523	24.0104434	27.9363767	9.7931798	20.3615539	2.3647374	27.6502891	9.9553382	9.3011292	7.4470482	
0.536615	33.3194738	25.8943867	-31.0804471	23.986263	28.6184548	1.3208091	17.2946536	27.9059551	3.0223627	27.7119307	4.4136066	28.4447835	7.8401057	7.4824445	9.1760804	
0.7228565	32.1394275	34.0125108	-23.7771168	25.5787629	27.0093604	1.0246962	6.4102928	28.0145962	0.5612337	24.7255386	7.0953565	26.5870319	9.8930394	9.8286837	7.1287712	
0.1726741	39.2742213	38.6843686	-39.6457094	27.0134914	23.9037762	4.5924215	5.3306966	27.1050578	20.108055	23.0620166	5.5530054	28.3169549	4.7706963	8.0828855	9.0429612	
0.1521971	-0.2150537	38.5448858	-32.4518507	28.2946406	29.6926021	14.7216408	24.6755017	28.8837064	15.5517994	27.8456127	0.5865606	29.9428075	9.900093	0.218852	9.87719	
0.2134985	18.9377067	39.0096093	-34.4470658	29.2800555	28.0406367	5.6404061	17.6936681	28.9133936	10.6711555	24.8915654	2.5552495	28.8472166	9.6398193	2.9508014	9.7626218	
0.2694065	19.9790813	29.678917	-26.0205151	22.8719733	27.8325271	3.5837332	13.8894893	23.8303417	7.4113963	25.7939307	9.1805168	26.7063652	8.6899458	6.8335277	8.3761119	
0.5845476	37.4976887	31.8914037	-34.3172776	27.5752873	29.3811663	3.8976311	14.0812933	29.4628713	3.4626442	29.415454	3.6543029	29.4337313	9.6434402	9.6700006	9.6320518	
0.4680224	39.7443381	29.5880886	-35.0948501	27.9660598	27.6361799	1.7631103	14.9426116	27.3074575	1.9097589	29.8186144	2.3209616	28.6930279	9.4111133	8.7018662	8.8429846	
0.9273866	25.466156	26.4124976	-27.6451535	23.6491691	27.8363643	7.0174079	12.9320737	26.0879542	7.9351229	27.0568307	7.6292702	26.9421533	8.1564422	8.307449	9.1337718	
0.1625699	35.7384166	34.0191342	-36.7960641	25.3369111	25.8249813	2.058746	5.496911	27.772745	9.373058	27.8275186	3.4794781	28.3637084	8.1805414	8.4017641	9.1747573	
0.6663158	14.6171153	22.3584559	-32.8299878	28.6430705	28.4397945	5.0397712	6.8173386	21.4938276	6.8141754	22.6023925	10.1885848	22.0793444	9.4040222	9.7438946	8.4772289	
0.4537847	27.717039	24.034928	-26.8359906	22.4307	27.0161249	6.13431	6.9825446	21.6368762	8.3162819	22.9567968	7.2902667	28.4354943	8.675954	6.8472876	9.3322551	
0.301109	26.816615	24.1042945	-32.1808777	25.8813166	26.1731883	6.2375243	12.8429057	25.2700808	5.1740975	22.1203419	6.6685202	28.0538867	8.4895574	7.2409969	9.4907018	
0.7514581	39.3520808	28.0799225	-31.7577772	24.2292714	28.0416039	3.5894037	17.4540299	28.2931872	3.2392784	25.2858373	3.5736747	29.5309792	9.3100463	9.5045487	9.7629072	
0.9947362	39.5204387	35.142829	-35.2105127	22.1890909	29.4360437	1.6643035	26.9327585	29.9696496	2.6217596	29.9868843	1.2782625	29.4073578	9.3367449	9.5659207	9.691925	
0.8060664	32.422205	13.9460413	-19.5513424	18.448562	23.0850548	12.7792329	23.373282	16.898919	4.8443986	29.9253547	10.5239845	22.0478537	9.6359325	8.3335594	6.8075582	
0.5247552	26.8960511	11.463526	-18.7216067	21.3452389	23.9932778	9.6309655	15.4931847	22.8811878	10.3209369	23.0082365	11.2772144	25.7837092	9.2494025	8.7546097	9.1324021	
0.604649	23.2575201	25.449745	-24.2388888	25.4918839	26.8934455	7.4430298	11.029535	24.8420598	4.6935107	23.705137	7.1171589	25.531591	9.3822834	5.9723118	8.8794863	
0.6779905	32.4712681	27.7636765	-33.8347684	24.0514918	28.3264541	2.7084096	8.771735	22.3550691	4.1949388	27.4925846	4.7043855	27.1006815	9.16844	5.2244342	9.2088743	
0.5105501	26.2679535	18.6218766	-35.5024428	22.9484387	20.2085923	9.1619601	14.2533108	23.1385548	6.4612572	22.8524093	4.2268023	28.700766	6.9763869	3.8208944	8.5768389	
0.9917059	32.2671372	16.6583903	-35.9289732	22.1354081	27.8513227	5.219978	10.4579447	26.6324408	4.8549829	23.5112963	3.8194625	26.8259665	8.963594	7.9147952	8.5686624	
0.7561711	23.6416705	20.1065682	-30.4630881	24.6477184	26.7199676	6.5289292	13.0271323	25.7399706	6.194838	24.1923516	6.7885559	25.6157708	8.5996811	5.3090417	7.7776527	
0.5904005	33.4920047	21.7433535	-24.1842168	25.1963064	27.194767	1.0784959	7.9936094	20.3608515	13.4637606	24.2368415	4.1766563	29.7984636	9.1503611	7.3146302	9.5857998	
0.9790951	33.7307904	12.8910853	-33.3633677	16.6043299	27.6594184	4.8248169	29.9243895	27.8464629	3.4632323	29.5970279	3.8340682	20.3551996	9.4419715	9.4235632	9.6988431	
0.8742508	34.2669008	39.3329985	-38.0886542	25.1756527	29.6909183	3.6085802	6.9239039	29.5218432	4.6223068	29.6931899	4.4828147	29.9040161	8.9738541	8.9475675	9.522343	
0.5598808	-19.7553807	6.2566575	6.6988914	3.8632792	4.6185375	22.2236019	9.2474163	13.2191771	6.6508291	7.1229386	5.5447798	21.9354408	9.9995523	4.4674161	2.2977498	
0.3994342	17.2845433	30.3821333	-27.3123079	23.1784414	28.1879296	6.4558994	24.855704	29.9600212	4.9669335	25.3854076	6.2758692	26.9300192	7.3190861	9.6062761	8.8880689	
0.0711631	31.7247461	34.0785212	-27.7973794	19.5588124	23.783711	7.7081943	23.80474	26.7385428	3.1617217	24.6960627	5.2801396	26.590916	6.1855928	4.9931189	7.6919693	
0.5645562	19.185788	33.4309111	-24.2174819	16.1745994	19.7484106	15.9802963	15.5914251	12.6247836	17.4224511	26.8021955	8.9809931	25.5364073	4.7772212	6.111772	5.7390201	
0.1245937	35.9809251	38.4294867	-37.3213267	29.6284658	28.4234494	2.7796798	1.9793393	24.9283828	2.5058523	28.3042194	2.0113766	28.9855179	9.868644	9.9677015	9.5992617	
0.0307773	38.0869992	39.7528996	-38.0463513	28.8650612	29.0684758	0.460293	1.1627657	24.1395664	0.4297473	28.4393264	0.6757259	29.8284073	9.655174	9.9702065	9.8739261	
0.5011377	13.9169599	29.1440647	-14.9835937	20.4954088	20.0484244	6.3927536	6.2159197	19.2381984	8.7536238	17.7788833	7.647605	26.6971292	8.5913413	6.4274691	6.9317105	
0.2491084	15.3711325	24.0379401	-31.4120096	23.8598538	22.5084993	7.4909295	14.972135	20.7837414	5.8899145	21.6636546	10.0193491	28.9554156	8.5463789	8.2720916	9.2079858	
0.9171381	27.4573097	21.444101	-30.227541	24.2642643	16.7997995	4.382706	8.7071113	28.4950442	13.661109	22.0922105	15.6352209	20.3749026	7.2205281	8.0187432	9.4888591	
0.5384288	26.0698265	18.0314011	-32.3782286	24.8493013	25.0832257	6.5168875	16.3019351	23.2582712	3.7101365	24.5806514	5.4357568	25.1000661	8.4545429	6.8104638	8.5148183	
0.7906294	29.2274497	19.4329616	-23.7946685	20.8976492	17.5031549	8.4720851	19.7216693	17.3631943	5.3085832	28.5790626	2.4305829	23.5816719	8.3123518	8.0275617	5.8196327	
0.6521095	23.1397956	25.8883013	-32.6907293	26.2269236	25.2354228	8.2865637	15.6043334	19.9814848	2.976005	27.0428663	3.6191052	24.2824774	8.7417533	7.4107067	8.5466969	
0.0952396	32.1199902	22.737344	-35.4435106	25.5195297	25.3649415	5.6343323	8.5172392	20.8055715	9.340194	25.1092525	2.1625703	29.72339	7.5745958	3.2769597	9.609069	
0.1265757	35.257811	20.5580344	-30.9307297	26.9460914	27.0263197	4.9374792	6.997974	21.3458127	6.5957769	25.4244158	3.6909799	29.761092	7.7380349	4.6459016	9.5435256	
0.3911957	28.8784465	27.9198886	-33.5837891	24.1622484	25.8596744	3.189461	12.9674238	23.1481826	6.1162	25.8118825	5.6086263	27.0509059	6.8553956	7.2365822	8.9128718	
0.0774991	32.8892105	31.8773736	-36.0527221	9.9259217	25.8169074	0.9236469	17.9993597	9.6475461	3.5571139	28.0286726	3.8717084	28.5110368	7.9898898	3.9076728	9.4499999	
0.4911878	33.1939083	23.680534	-30.8212239	24.7285872	26.3944035	11.219873	17.5936588	27.2614246	5.3432886	22.6496216	4.2431924	27.8293377	8.5001714	8.0298865	8.4413447	
0.6217146	27.7330197	25.8799605	-32.7300155	25.4182999	27.4720377	9.3208534	14.369531	25.6628883	6.2692025	23.2273528	5.3664106	26.9481959	8.1537189	8.2287477	7.3602829	
0.8185789	33.8114007	0.9337663	-16.7548219	24.6967842	25.8404435	0.71088	14.1815166	25.9194178	10.8309823	19.0816105	2.3106613	26.9385292	6.1842072	8.1830199	9.3246077	
0.2514708	25.6531186	31.523402	-8.0232457	17.9643691	11.3564191	12.0871672	11.6325837	27.0357131	3.5805203	26.6441838	5.8461389	16.130922	4.5890465	8.2398592	8.6598768	
0.209133	12.226498	26.3095068	-35.3087651	15.0837145	24.3949451	4.3472221	6.4007609	26.7038712	10.2892447	26.6493221	4.1668385	27.373138	5.3323786	8.165324	9.5121823	
0.0346376	37.7148247	39.3794819	-38.0254233	29.2267059	29.9668417	0.7171845	1.6028492	25.249225	0.1159003	29.022782	0.7386027	29.7272685	9.9228668	9.2831997	9.8426454	
0.6763069	37.5773601	32.5649458	-34.4500893	27.4008256	28.1777485	2.1311476	18.0396549	29.5789176	0.7550368	27.7462941	0.1942083	27.0367243	8.6670899	7.4945087	9.4685243	
0.8251691	34.0955621	26.3650303	-35.3000814	24.7750888	28.1336072	2.9106039	10.552449	27.1784941	2.7304546	27.5689294	3.2076786	28.8207278	8.3642391	8.7733342	9.4036355	
0.9031895	5.314706	-20.6549743	35.6065715	5.4529973	21.4786447	5.6725264	15.1062271	26.1992508	9.4418157	3.7465543	21.1892703	3.4328209	7.1247973	0.7572175	6.4008891	
0.4853861	-23.8724345	7.3058068	-5.4885018	13.8612101	4.6079925	14.431517	23.3751947	4.9993704	20.5246129	25.5799671	23.8018219	29.031727	7.2393254	5.4535766	2.9615245	
0.8177634	23.9771405	24.2277275	-37.7024039	27.0366132	29.5583	1.0421228	29.3742088	29.0841795	18.3835559	27.8597612	10.7892488	29.7002451	7.3978536	9.6685287	9.3876631	
0.3021002	26.9345619	27.5737187	-37.3175458	29.9711651	26.4776881	4.5369366	3.4697646	28.8833623	2.9174673	28.1899027	2.0906461	28.4323039	9.8780246	9.0301352	8.8477084	
0.3021002	26.9345619	27.5737187	-37.3175458	29.9711651	26.4776881	4.5369366	3.4697646	28.8833623	2.9174673	28.1899027	2.0906461	28.4323039	9.8780246	9.0301352	8.8477084	
0.826956	33.8934645	39.0513757	-30.1746401	25.2695869	27.2031438	4.7912607	23.702305	24.0680374	0.908607	28.490734	2.0004336	29.7279155	8.2155729	9.3282841	9.6341299	
0.4178461	34.8078643	34.1209583	-35.6590006	27.7856213	29.7663503	3.49678	9.5317227	24.1271118	14.3202827	29.9068764	0.7983374	27.3127377	7.8653687	9.4623434	9.5427011	
0.561143	9.0230332	30.7812897	-36.2851333	23.7084087	29.974473	15.104663	1.3749816	27.7203822	4.9403657	25.6292175	4.8979807	26.3357176	7.8695891	9.5281741	7.7724475	
0.4268556	37.1508299	-3.1554502	-20.7953284	7.5880737	20.6059895	8.2277627	16.5587759	15.9519476	16.4515278	23.4733396	4.2733568	18.1918087	5.8347641	3.6618706	6.9169191	
0.5052117	31.1788292	21.6013912	-32.2456372	22.0303024	27.0892219	4.8349372	15.1135492	24.0216552	5.5985153	23.7707585	5.0949723	27.1359486	7.4355883	8.1637696	7.8281585	
0.5837396	25.461057	37.9993958	-36.4815942	28.9339697	29.4607524	2.0332035	1.4933835	27.3238103	2.4686868	27.820213	0.7471751	26.8199346	9.9212429	9.4250229	9.46225	
0.1329396	34.3733064	14.4601128	-31.1104256	20.1821462	27.3540597	3.5840597	21.0459887	18.6552875	11.7146737	21.5080565	10.3234712	28.2194964	8.9060199	6.9617698	9.6595606	
0.4651499	35.6818589	38.1240421	-30.7324981	27.121612	27.696187	2.8815081	20.3985137	26.7984146	2.5265726	23.0216881	3.5513074	28.452137	8.5877436	8.5450695	9.4516873	
0.3897428	32.7278164	31.4294409	-28.7830956	26.7505078	23.9160593	0.3438068	1.2721571	28.8329008	2.2713167	29.6077668	0.5844871	28.8636346	9.7567042	9.6915875	9.8205432	
0.4734637	35.470641	30.5677106	-31.6029466	26.3061355	23.9564905	0.7758335	1.363888	28.668891	2.6545129	29.4104611	0.6200208	28.7294816	9.9359489	9.6287995	9.8120628	
0.5135491	30.9882459	35.9845763	-30.9214154	27.2981592	24.8183561	3.7822533	16.365287	26.112763	6.1301818	26.636261	2.6414186	26.583399	7.4687344	8.7538884	9.1015287	
0.4705566	9.0836379	25.1386114	-13.3283311	10.2053817	12.9075031	11.7788506	22.5179959	17.5889266	19.7789558	27.9628451	7.9454205	10.5399935	5.9541541	5.9469246	8.4880123	
0.4073154	34.3173548	0.5203256	-31.4526443	24.1770954	27.0091707	8.9867265	20.2624515	24.982013	10.5473871	17.7394454	14.8230996	25.1031337	8.2156869	9.7051755	8.9312911	
0.7678687	34.8512948	26.1581482	-37.0754761	22.6246726	23.0807192	3.6237522	9.5287701	19.5557948	5.5883827	25.4235165	9.9021059	26.922818	7.3012382	7.3744256	8.8080124	
0.9364594	24.9864173	31.8157519	-31.6939999	18.0739649	27.0856259	2.404258	5.7423337	28.1687832	7.3036335	27.6066419	9.7639602	28.639203	8.8739442	9.1694695	9.7977441	
0.4924052	19.0930962	27.1919494	-35.491602	21.5351389	21.3977505	10.2023127	21.9153127	28.3520702	4.5978889	24.8557978	3.2425602	28.067327	6.6716853	8.8299832	9.7149658	
0.1709228	29.5416303	24.865987	-34.3500931	21.5351389	21.3977505	10.2023127	21.9153127	28.3520702	4.5978889	24.8557978	3.2425602	28.067327	8.1683296	8.1793133	9.087648	
0.8724374	9.4061298	23.5286905	6.5563682	21.5351389	21.3977505	10.2023127	21.9153127	28.3520702	4.5978889	24.8557978	3.2425602	28.067327	9.643788	7.5756755	9.7149834	
0.4082222	24.0753075	13.7547494	-29.8168964	26.4735936	21.9869971	1.093547	6.1829432	26.1398986	9.72986	28.2349573	7.3886671	28.6976533	8.4152395	6.4675434	9.3582961	
0.4009315	27.3531437	20.2724137	-28.6534746	26.4735936	21.9869971	1.093547	6.1829432	26.1398986	9.72986	28.2349573	7.3886671	28.6976533	8.9909603	7.8235298	9.9775338	
0.8522871	26.9864415	38.6206474	-33.2102977	28.8844525	25.6021723	4.2384404	7.3663369	24.8996737	5.7755052	23.3027223	0.0744296	27.0960802	8.4403381	9.4629907	9.3371996	
0.8724374	9.4061298	23.5286905	6.5563682	28.8844525	25.6021723	4.2384404	7.3663369	24.8996737	5.7755052	23.3027223	0.0744296	27.0960802	9.643788	7.5756755	9.7149834	
0.545065	22.1634657	26.5755968	-23.4786397	21.3173865	27.3734875	4.7481428	12.5691806	26.045076	1.7660764	27.6204979	9.105741	26.9824011	9.9022447	9.3581474	9.9473672	
0.8309854	32.6214586	32.7780924	-23.5984624	21.3173865	27.3734875	4.7481428	12.5691806	26.045076	1.7660764	27.6204979	9.105741	26.9824011	9.692266	9.8217333	9.5277888	
0.2233807	25.9069499	36.3586217	-23.1198535	21.1211543	23.5684739	8.2044116	21.1148976	28.3372999	0.8115774	25.8489527	5.5740911	27.6656226	8.7801438	9.9048911	9.5500951	
0.8117309	24.9615355	30.3401205	-7.2924744	21.1211543	23.5684739	8.2044116	21.1148976	28.3372999	0.8115774	25.8489527	5.5740911	27.6656226	7.726999	7.7784907	8.4834834	
0.3016447	23.858918	28.1764833	-24.4141116	27.5512399	27.4816228	5.6361136	1.5548085	23.798163	5.133154	28.130495	0.0546728	26.5744581	9.8256679	7.7695663	8.9550365	
0.4158689	20.0973435	4.2491614	-14.1590478	27.5512399	27.4816228	5.6361136	1.5548085	23.798163	5.133154	28.130495	0.0546728	26.5744581	9.6460224	7.1395593	9.68955	
0.9618732	30.3056836	29.5385269	-29.8317203	25.840061	24.7420027	3.4522421	8.0912982	24.9703645	1.1163812	19.6367356	3.6715202	28.213879	7.6319137	7.2477339	8.6357352	
0.8315127	26.3043084	28.6952815	-30.1489368	24.0369207	25.726571	5.1083844	8.8503333	28.4176047	1.9677207	22.0256873	4.6265188	23.9262116	7.6890266	7.1796504	8.5368128	
0.8061263	30.9990447	33.9295357	-34.1641878	24.0369207	25.726571	5.1083844	8.8503333	28.4176047	1.9677207	22.0256873	4.6265188	23.9262116	9.0819572	9.7925895	9.9219991	
0.4927905	32.2479495	23.8305116	-32.2510423	26.3250788	28.7113506	6.0317619	25.5801448	24.5004566	5.962954	26.6936753	0.5813587	28.4937876	8.6934719	8.1625333	8.5931147	
0.4938304	27.5152138	25.2632064	-38.385474	26.3250788	28.7113506	6.0317619	25.5801448	24.5004566	5.962954	26.6936753	0.5813587	28.4937876	9.3040067	9.4724462	9.5593462	
0.8087749	39.8404692	21.8262431	-29.1152543	21.3668831	23.9769464	5.7842485	16.014043	22.926957	3.2238269	23.480034	8.2523227	25.5888674	5.9626004	7.1440539	8.2808842	
0.4404131	24.2052028	29.5700191	-24.2474939	21.3668831	23.9769464	5.7842485	16.014043	22.926957	3.2238269	23.480034	8.2523227	25.5888674	7.3044263	8.4549824	7.1605349	
0.4364825	28.8737125	27.1959915	-28.2974839	21.3668831	23.9769464	5.7842485	16.014043	22.926957	3.2238269	23.480034	8.2523227	25.5888674	8.2089845	6.9765962	8.5664307	
0.7160755	18.3054916	12.4265386	-14.3282267	28.8085858	29.5354447	2.8884239	5.2262588	24.9791075	1.2611121	22.5001051	0.3566697	28.8248055	7.1969148	4.8503318	8.2561188	
0.8963645	20.0081449	11.0211891	-29.4590507	28.8085858	29.5354447	2.8884239	5.2262588	24.9791075	1.2611121	22.5001051	0.3566697	28.8248055	7.5435156	9.1743595	8.2210237	
0.3757664	-5.6160983	-8.8336861	-26.5351455	21.1607883	26.3222956	13.3171847	16.9759573	22.3642953	10.3894152	18.8515511	9.3122109	26.5442985	4.9337886	3.3487361	5.3231379	
0.8945807	31.8748205	22.3839255	-33.7062205	28.5611139	22.547002	1.4482893	5.9033268	26.639316	1.3995385	25.7154983	3.5854659	25.9081704	9.7819778	7.4983483	8.8478444	
0.1117772	36.8059002	29.8779672	-31.4378514	28.7258624	29.6220308	4.7931439	19.2147707	28.6941193	2.988205	23.9500788	18.3301378	29.3770319	9.5139268	2.8171667	7.858833	
0.4235738	14.9903073	22.3839308	-14.2252287	28.7258624	29.6220308	4.7931439	19.2147707	28.6941193	2.988205	23.9500788	18.3301378	29.3770319	9.6646142	7.1203014	6.5716534	
0.1134369	25.039524	35.1575265	-36.7088146	16.7375314	25.6616663	2.0231586	24.607292	26.232574	6.1433569	21.8032245	5.7463296	24.5995357	8.7319613	7.9017909	9.6567533	
0.0139736	11.2821305	26.2071275	-37.1539948	16.7375314	25.6616663	2.0231586	24.607292	26.232574	6.1433569	21.8032245	5.7463296	24.5995357	8.3870477	4.8214802	9.2425594	
0.2932447	16.0806394	10.7675564	-12.3198906	27.2141312	23.685331	9.6040083	10.1812391	25.5901888	1.158631	28.1965182	3.7767501	28.4098865	8.3315061	6.1860263	6.9468912	
0.3854458	31.8268933	38.5643632	-33.1431057	26.5304351	29.8721277	1.5781106	21.5349987	29.2279044	1.462691	28.4643802	11.0878253	29.0729334	9.8566645	8.7056029	9.6891887	
0.421994	5.0867129	16.0090048	-12.0173572	26.5304351	29.8721277	1.5781106	21.5349987	29.2279044	1.462691	28.4643802	11.0878253	29.0729334	2.5178597	5.6791462	7.3491527	
0.80386	37.7359918	34.5249441	-34.9341802	23.4820609	27.2317102	2.6080115	24.4389967	25.3999893	18.8694101	18.7896816	2.5336087	28.8630776	9.7826711	1.8526556	9.6336123	
0.9766727	1.5315011	37.9065983	2.6491568	23.4820609	27.2317102	2.6080115	24.4389967	25.3999893	18.8694101	18.7896816	2.5336087	28.8630776	6.818922	6.9711117	9.5138761	
0.6572364	34.760054	26.7127723	-32.3817509	28.2156835	26.0436704	2.2019611	5.4190923	28.4770147	2.0430291	28.967278	2.5642281	28.1189322	9.3945039	9.7908636	9.3992048	
0.253028	34.7804392	32.4338804	-31.7158163	28.2156835	26.0436704	2.2019611	5.4190923	28.4770147	2.0430291	28.967278	2.5642281	28.1189322	7.9119844	5.4126029	8.173886	
0.3552838	30.9880463	25.8523992	-30.3300373	23.1608858	20.0942641	4.6015144	16.6548357	22.4593127	1.0056751	28.2594013	9.5197385	28.5886933	8.454512	5.835559	8.640341	
0.3328187	29.6666311	30.0225723	-32.4000669	29.6543093	26.380765	14.4659414	4.448781	24.9063363	0.5427713	26.6946891	3.8024836	25.8773525	8.7444586	8.1664906	8.7737	
0.8994599	31.1737564	38.4807943	-32.9454236	29.6543093	26.380765	14.4659414	4.448781	24.9063363	0.5427713	26.6946891	3.8024836	25.8773525	8.1867897	8.6514092	9.8833504	
0.6876315	32.2608644	25.1134922	-32.9463523	28.8479036	28.4891985	3.1167924	5.4059677	27.7575919	13.8003411	28.6282971	0.2625625	27.453322	8.0751239	8.5784072	8.4291935	
0.6283749	31.3462727	26.2648249	-22.4936706	28.8479036	28.4891985	3.1167924	5.4059677	27.7575919	13.8003411	28.6282971	0.2625625	27.453322	9.717767	6.0737897	9.6321747	
0.3457811	30.0614759	24.9866359	-26.5815994	25.1041624	26.4692736	5.8656336	8.0221732	21.6021613	0.3256993	19.6997464	5.3782612	28.6175415	8.4402677	7.583127	8.4096187	
0.9880661	29.8753966	32.7926001	-30.9970196	25.1041624	26.4692736	5.8656336	8.0221732	21.6021613	0.3256993	19.6997464	5.3782612	28.6175415	8.8912838	6.698338	9.7941228	
0.3589619	31.0977446	25.8338032	-33.3930767	26.7126406	27.9374886	10.3662698	7.9687383	28.5998734	2.6730994	27.7465053	0.469955	28.8365165	8.0657117	8.4178757	8.661794	
0.726188	18.2610965	30.1492373	-31.8076358	26.7126406	27.9374886	10.3662698	7.9687383	28.5998734	2.6730994	27.7465053	0.469955	28.8365165	9.3802344	9.7910956	9.9132009	
0.5059222	16.0615537	13.7147689	-8.5457113	26.7126406	27.9374886	10.3662698	7.9687383	28.5998734	2.6730994	27.7465053	0.469955	28.8365165	6.4927056	8.7560216	8.8513556	
0.6753638	34.8466675	22.1096299	-29.6751693	26.7126406	27.9374886	10.3662698	7.9687383	28.5998734	2.6730994	27.7465053	0.469955	28.8365165	5.780022	3.2488118	9.8866662	
0.8306977	26.2779783	30.2505059	-37.1419006	26.8415376	25.8184824	7.5251617	14.4309222	27.3973307	1.9041264	26.0584932	7.2846876	24.7077624	8.2931395	6.5058685	9.4511986	
0.8133392	-8.2505013	38.1227419	-33.3289095	26.8415376	25.8184824	7.5251617	14.4309222	27.3973307	1.9041264	26.0584932	7.2846876	24.7077624	9.4811986	8.9324446	9.4145855	
0.4325781	25.8751082	31.6574466	-24.2501246	22.1868024	23.6040802	5.8962506	8.0312746	20.9128158	10.4039103	23.5171795	4.1049658	25.2352696	7.889548	8.1229435	6.9956458	
0.5769061	28.8223113	29.2983105	-31.9165814	22.1868024	23.6040802	5.8962506	8.0312746	20.9128158	10.4039103	23.5171795	4.1049658	25.2352696	8.0487522	6.4501413	8.9852355	
0.3432281	28.9204671	27.7257786	-32.3720614	29.7528319	29.6789464	3.1825402	18.5199627	27.3268603	9.7090317	29.7143019	2.9939653	28.2448214	8.009185	6.7311509	8.8763719	
0.8027055	30.7541885	9.387561	-32.1014759	21.5889276	27.4424875	7.5775266	11.6656272	25.0870868	8.5181664	25.7827138	5.0666939	25.2965263	9.4521275	9.4762588	7.4179238	
0.5216718	34.5829309	26.1832184	-30.4107076	27.7237481	29.717905	3.695479	21.6819286	28.0722588	5.4889401	27.4312657	1.3222948	28.3292239	7.2796444	8.5253586	9.1959669	
0.6590849	36.0371587	34.6272553	-32.6073637	27.7237481	29.717905	3.695479	21.6819286	28.0722588	5.4889401	27.4312657	1.3222948	28.3292239	9.8200251	9.2190195	9.7072402	
0.9603748	35.0355925	-9.9186098	-36.516107	21.4722574	29.596136	2.6079324	21.7662725	24.5555541	6.6346165	28.6285258	4.474043	29.6432692	4.4923726	5.0387234	3.503273	
0.8917075	39.190421	26.7517233	-26.4016117	21.4722574	29.596136	2.6079324	21.7662725	24.5555541	6.6346165	28.6285258	4.474043	29.6432692	8.6600802	9.4442133	9.9993902	
0.1031948	36.2909313	28.3104563	-28.1901435	21.4722574	29.596136	2.6079324	21.7662725	24.5555541	6.6346165	28.6285258	4.474043	29.6432692	7.9222557	5.8413483	7.8399762	
0.8075725	4.2890527	23.3583778	-25.9766451	25.3714141	27.4771132	6.7140868	0.2386004	26.7265004	10.7428661	25.8290491	2.9996018	29.1309737	8.6114551	7.9230596	8.4267696	
0.4797332	-20.4418292	33.2232062	-37.7381719	25.3714141	27.4771132	6.7140868	0.2386004	26.7265004	10.7428661	25.8290491	2.9996018	29.1309737	3.4483762	3.625571	7.6647124	
0.8309854	32.6214586	32.7780924	-23.5984624	25.3714141	27.4771132	6.7140868	0.2386004	26.7265004	10.7428661	25.8290491	2.9996018	29.1309737	9.692266	9.8217333	9.5277888	
0.712785	37.3935586	11.6764052	-21.0010637	24.2889252	24.2585334	4.7002895	22.1614512	24.5379997	4.9138472	21.9405113	9.2747449	26.2671187	8.3965803	1.9440528	8.7363916	
0.4115084	18.5020008	17.8168722	-7.324654	24.2889252	24.2585334	4.7002895	22.1614512	24.5379997	4.9138472	21.9405113	9.2747449	26.2671187	9.7827918	8.4397053	9.5843477	
0.26796	-5.9506921	0.2024032	32.54413	26.8556876	15.2394621	3.6749762	12.5418363	26.9578728	7.040654	25.4714853	3.989136	26.9050779	4.181647	6.6646144	0.5957177	
0.9766727	1.5315011	37.9065983	2.6491568	26.8556876	15.2394621	3.6749762	12.5418363	26.9578728	7.040654	25.4714853	3.989136	26.9050779	6.818922	6.9711117	9.5138761	
0.8325592	26.7917474	13.6460385	-30.3794761	28.1092829	26.9893134	1.7921072	9.418474	25.2932475	3.4545329	27.675541	2.6756463	27.3488957	4.7673347	1.7039451	9.8538191	
0.3540919	28.4800635	25.5334679	-35.1983693	28.1092829	26.9893134	1.7921072	9.418474	25.2932475	3.4545329	27.675541	2.6756463	27.3488957	8.9724237	6.3905425	9.8975583	
0.26244	22.4460412	20.3684364	-29.2853782	26.352444	24.7877697	10.3271759	16.3882359	23.6790048	8.7179747	20.3194379	8.6249185	25.9845573	8.5420693	7.9323362	7.9262505	
0.9104049	26.4755724	36.7862717	-38.0407379	26.352444	24.7877697	10.3271759	16.3882359	23.6790048	8.7179747	20.3194379	8.6249185	25.9845573	9.5728687	6.6713378	9.8542827	
0.7562886	38.1403802	29.2865991	-39.0525665	20.9685944	25.6125397	7.4512796	18.2595895	25.3740757	5.2708714	24.0553363	6.102837	26.9432621	9.6667344	7.7237021	9.3849909	
0.7666169	4.9301456	2.4079666	-6.8492763	20.9685944	25.6125397	7.4512796	18.2595895	25.3740757	5.2708714	24.0553363	6.102837	26.9432621	6.4552849	4.9230968	9.3026732	
0.443371	32.700089	32.2266104	-35.6282037	27.5683417	22.9010672	12.8379363	24.1515029	26.834913	4.7673513	23.8961858	2.0553491	27.2555638	8.9038762	7.4475234	8.8659822	
0.26244	22.4460412	20.3684364	-29.2853782	27.5683417	22.9010672	12.8379363	24.1515029	26.834913	4.7673513	23.8961858	2.0553491	27.2555638	8.5420693	7.9323362	7.9262505	
0.1598316	7.2720606	30.6088405	-36.0875726	29.9926219	27.8072077	4.1186509	23.9469176	28.1294366	2.5082105	27.4795155	0.9081554	28.848898	7.0155388	9.6933137	8.1547864	
0.8309854	32.6214586	32.7780924	-23.5984624	23.200822	24.9458271	12.4574776	13.784128	24.6081127	6.9856068	17.7788315	7.6699942	24.7941945	9.692266	9.8217333	9.5277888	
0.8093553	35.4590938	34.8365231	-33.4658343	18.5492659	28.8902134	17.1847146	16.6633888	28.2121494	1.1467629	22.9558139	0.897698	29.3140017	9.9672087	9.6775512	9.928897	
0.6699041	29.9245992	31.5360342	-36.9896044	18.5492659	28.8902134	17.1847146	16.6633888	28.2121494	1.1467629	22.9558139	0.897698	29.3140017	7.2119932	8.0853912	8.8953928	
0.8730251	39.8992191	29.3582638	-36.5065845	18.5492659	28.8902134	17.1847146	16.6633888	28.2121494	1.1467629	22.9558139	0.897698	29.3140017	9.8135699	7.8660206	9.6109073	
0.9698477	34.4443844	27.606501	-35.9472355	28.0055932	28.9651472	1.8502812	8.0604932	26.6797067	1.0826025	28.3754673	1.702575	26.4087998	2.7952231	6.0965777	4.8889443	
0.636422	34.8485203	23.964814	-35.9930657	28.7618127	28.2829143	5.9618916	2.8499481	29.9636372	5.5568025	26.1335559	4.102034	25.9047851	6.8097813	4.9485534	7.9798994	
0.5596555	32.5230409	28.657464	-32.1507345	28.7618127	28.2829143	5.9618916	2.8499481	29.9636372	5.5568025	26.1335559	4.102034	25.9047851	9.2321348	8.0026807	9.6159293	
0.8941765	30.6359458	28.2553212	-34.6599728	28.7618127	28.2829143	5.9618916	2.8499481	29.9636372	5.5568025	26.1335559	4.102034	25.9047851	9.4762807	9.1651683	9.6402994	
0.5778501	26.0941995	22.0177091	-31.3094357	19.1723689	27.4750464	9.5149934	15.2017903	24.0584518	9.8569857	19.6103094	9.7398124	27.0046476	8.1486122	7.020495	9.1720712	
0.4932677	13.9145947	22.5574855	-32.0036854	19.1723689	27.4750464	9.5149934	15.2017903	24.0584518	9.8569857	19.6103094	9.7398124	27.0046476	3.2103249	7.7444652	7.9618891	
0.6086876	19.8765317	0.491207	-11.7676863	28.3537152	26.5388539	3.0535161	1.0555908	25.7355921	0.8933729	27.1017312	2.8734273	27.9090595	7.658371	7.5987842	6.4424307	
0.8075725	4.2890527	23.3583778	-25.9766451	28.3537152	26.5388539	3.0535161	1.0555908	25.7355921	0.8933729	27.1017312	2.8734273	27.9090595	8.6114551	7.9230596	8.4267696	
0.8324178	30.4604144	27.2030231	-32.8471017	21.9830932	20.1255605	2.2815521	8.9268311	28.796203	5.5249339	21.8299491	9.0302439	26.6396091	8.1956706	8.0137575	8.9294703	
0.0476266	27.743863	22.353436	-27.7311416	21.9830932	20.1255605	2.2815521	8.9268311	28.796203	5.5249339	21.8299491	9.0302439	26.6396091	8.1020544	8.5390432	8.5673405	
0.8460498	31.6069275	33.825867	-34.5029021	26.457736	25.6735117	14.1542911	6.1265226	24.7595484	9.5615269	24.2516146	5.9095535	27.3713754	9.2048353	9.6747465	9.926737	
0.9114908	35.3969026	29.2166392	-39.3373562	26.457736	25.6735117	14.1542911	6.1265226	24.7595484	9.5615269	24.2516146	5.9095535	27.3713754	8.1671765	7.9737141	8.6822165	
0.9132111	19.7669016	27.0808991	-9.3147776	19.8712904	25.9931844	9.6874075	20.6616588	22.1038154	5.81795	21.029593	9.169834	23.1448492	8.7308636	8.2168451	9.5486251	
0.2174422	29.6006762	31.4709411	-31.3321614	19.5769478	25.535494	1.7953877	6.6970322	23.7310628	8.3004173	20.1349825	3.3874239	28.4005643	8.0065017	8.0804981	8.7680255	
0.3008753	34.632652	30.2723095	-22.6693416	19.2029522	28.2879407	6.8973278	24.9228707	27.611588	3.0586276	27.5000273	4.9180748	27.7975464	7.3669052	6.7164173	8.916345	
0.7704876	5.0218736	31.1040766	-9.9469538	19.2029522	28.2879407	6.8973278	24.9228707	27.611588	3.0586276	27.5000273	4.9180748	27.7975464	9.4351303	4.5813261	5.7755758	
0.7929495	27.5229863	31.0363975	-38.2515676	23.6669457	27.1515162	6.0179351	6.9291187	25.4819913	6.4449883	25.2161359	3.3401297	29.0108518	8.4047099	8.3234785	9.2326848	
0.4082222	24.0753075	13.7547494	-29.8168964	17.3368596	21.6903906	8.424323	19.1131826	16.3564523	8.9996038	19.262959	5.2781301	28.7919978	8.4152395	6.4675434	9.3582961	
0.7715396	26.1694262	32.1201098	-35.685527	17.3368596	21.6903906	8.424323	19.1131826	16.3564523	8.9996038	19.262959	5.2781301	28.7919978	9.6704001	8.2167228	9.4213232	
0.7421166	28.2404101	36.9749672	-37.0984319	25.7098943	22.9297735	6.3589634	16.7169661	22.3307489	1.2496151	28.2568295	3.2640464	24.0246255	9.0832614	8.8460113	8.9509724	
