0.6639248	19.3684602	24.4569465	-30.0482336	-27.6686119	24.0144907	16.1775132	17.8154426	-18.6385899	13.9640457	4.2478866	6.7481102	23.1101436	2.8172201	21.5512305	24.3354484	8.9491425	19.6225526	6.5606352	21.3363915	23.2684456	6.6533804	22.7670641	5.3722322	24.7866368	3.9446949	4.5420305	18.7545212	7.6309607	2.8924095	2.7872417	22.3936711	3.8772498	18.9806902	18.8637741	22.2022585	18.0008091	6.4505303	4.359683	7.2381314	6.682569	6.1435018	3.4159567	1.1019506	1.2187584	1.2095682	
0.666228	25.889662	35.1262962	-34.2908309	-31.8427203	29.4424908	23.9961735	28.8056779	-30.343624	29.245159	3.5573945	6.4356179	27.5104131	2.4026268	25.7512536	26.0569443	4.5062123	25.4589826	2.5949996	25.3234874	24.432771	4.5176669	26.3228259	3.503108	26.7093196	3.7736422	4.2945162	24.2925465	6.1923544	3.1584605	2.8684761	26.3642938	2.7260828	24.2831777	25.114345	24.8709274	21.0052791	8.3396107	4.8033784	8.3658284	8.8493449	7.4671066	3.4744319	0.8780738	2.1097982	1.7766343	
0.6518119	22.3515228	33.4697642	-31.2962486	-36.6649425	32.5012132	21.9344537	24.8079961	-31.7441086	25.9937579	2.0844558	1.4870162	25.9591283	0.5234465	22.629178	23.7639439	4.8473882	24.7076293	3.449702	21.2710059	23.5247827	0.8138145	26.096969	1.4589273	26.1758436	0.4437275	3.5304792	24.3652124	4.733416	1.7196554	2.7741655	24.4860897	2.947421	25.2725965	25.0469611	23.2909643	15.9208128	6.8022001	2.2627504	5.864252	8.1568923	7.5715698	3.9487208	0.2268432	0.1043701	0.5773966	
0.5126503	27.7225191	28.6822133	-28.8129803	-28.3362966	33.6133564	19.2771037	17.5843292	-22.4616795	18.7777252	6.0660007	6.0281048	24.8705187	5.5037304	22.1532805	24.8912522	6.29336	24.2357661	3.1812547	19.1702442	20.3290792	5.5517242	22.5119768	6.1608312	23.3003484	3.5279068	3.9250653	23.1700524	9.2179217	6.2432019	7.5523198	21.3662888	6.242648	24.0366052	24.4576891	22.9194777	12.875816	8.0256503	2.858409	8.5993471	9.045842	7.9819668	4.0951164	1.5891065	2.8582239	2.3620469	
0.6418418	31.4876554	37.3417898	-36.4434329	-33.5749912	36.1050129	31.5677364	33.6812534	-32.4957331	34.9019018	1.3063268	6.4932259	27.7364976	2.1942802	27.7784062	28.4589599	4.5201331	28.0124258	2.4190609	28.0021367	26.2628499	2.2722284	28.0745026	1.6411404	27.3767478	1.2926851	1.0777615	25.0733464	3.3672009	1.4480761	2.4234342	25.4740788	1.3433737	28.0017358	27.3302194	27.2468848	23.5006348	8.7269512	5.6761326	9.007094	9.2355062	6.8421952	2.8746111	1.4641315	2.9556183	0.2471828	
0.6790037	26.967388	36.7076252	-38.1207387	-37.8555383	37.2995363	29.9011177	32.4532603	-33.5736348	37.042161	0.2089658	4.8828846	27.897724	0.2479062	27.523924	29.1755899	2.252967	27.6320855	0.6792427	26.0076323	26.171656	0.7838035	27.5092048	0.1831033	27.5987789	0.6472723	0.9056134	26.5192394	2.844064	0.0831694	1.008966	25.3131778	0.0434839	27.1741234	27.0073038	26.9971748	22.3006672	8.2687437	4.9979028	8.3197092	9.0310624	6.1043526	2.6336714	0.3046058	2.2976425	0.6261738	
0.6328788	26.387228	34.388108	-34.5609175	-35.6867381	33.9778523	28.5130471	31.0512613	-35.4129546	32.9245836	0.8945735	4.1125367	26.947864	1.8866116	25.3727381	26.6408011	2.5187887	26.0448033	1.3468674	23.7597874	25.6069195	1.0983919	27.036034	1.6899792	26.6672737	1.2352568	3.6458772	25.0408183	3.3931962	1.6862806	2.1375944	25.3556874	1.7700749	24.3176333	25.9506992	25.4501805	18.4113331	7.8242908	3.5859128	8.2573982	8.2224257	6.6087562	3.6469915	0.6145071	1.2570735	0.126987	
0.643438	25.1932908	38.1320374	-35.3311136	-32.9774338	35.6958408	23.3010509	33.6501066	-28.0554215	32.7910338	3.2528594	3.3083207	24.9176575	3.0082174	25.5788766	26.4156869	9.7094421	26.6740397	1.9038654	25.0558824	23.2127844	3.943089	26.0278896	2.9216157	28.1453148	6.3167456	4.2187856	25.3486127	1.9277667	2.3493353	6.4099272	26.290731	1.5183402	27.3992855	25.9686588	24.6283373	19.4874256	8.78447	2.954113	7.7574051	8.7298709	8.6707155	4.9584931	1.65076	2.9400131	0.6589449	
0.6525245	22.8768791	36.8968532	-36.8152077	-34.1990674	33.6501567	21.2079451	31.6797033	-28.8463139	30.9028707	1.833839	2.5084192	23.3934248	1.543176	24.1653734	24.7427332	8.0900185	25.2842658	0.791469	24.164307	21.6488326	2.5490659	24.6422926	1.6745409	26.5720392	4.7679157	3.1091032	23.2057907	0.7435524	0.6767429	5.1702548	24.2613768	0.0731604	25.7507569	24.2637228	23.4132936	18.4547325	7.1192682	1.5763354	6.186072	7.2902298	7.0521117	3.0376382	0.3308128	1.3521258	0.7232854	
0.8338491	20.0627557	39.2071117	-38.0531703	-26.4685167	38.649492	15.6066057	37.9112389	-20.9786825	37.6715165	8.0477522	8.9809258	24.1293055	5.2952252	26.1643089	27.0376813	11.7278357	25.7236332	0.369107	26.5448891	20.4309383	8.1046562	23.2575747	5.1722176	28.7280487	10.9278246	3.543606	23.3958006	1.6271256	3.0023328	10.0915751	25.1199259	0.8075461	29.4956168	23.8257881	27.0005367	20.694541	7.9379478	4.0066293	7.7760182	7.845101	9.6443464	2.9688734	2.721901	5.5905837	0.1139758	
0.3386903	25.232317	28.9321229	-29.7527894	-32.6911438	30.3512009	22.1447464	26.9490995	-26.6394817	24.6697383	4.6153476	6.4672949	25.1115828	4.811476	24.3751377	24.1011953	5.7341538	25.0103582	6.4846981	21.3568559	24.7319626	4.2016358	27.3600869	3.1771313	27.4358308	4.7125553	8.1475958	26.1643605	5.2119666	5.9487894	5.1684988	26.8670707	3.6937382	24.2783908	24.4462095	22.2459292	13.7255826	7.9401227	2.8159756	7.651296	8.7063869	7.6769784	4.8748447	1.773013	2.1820162	1.9596974	
0.232835	25.3663435	32.4792369	-34.94638	-33.5105867	34.0778193	24.4916157	30.2279999	-27.0783503	32.2837568	2.5880327	4.1170789	25.8871697	3.2048944	24.070709	26.2006626	6.6349908	27.227167	4.2510189	21.6922343	24.6032186	3.7713253	28.0564036	1.6234061	28.1846201	3.8881467	7.2552334	26.653737	3.9864129	4.1886	3.1324433	26.1638654	2.1612521	23.807053	24.5438257	24.3317308	15.0429353	8.3555829	3.3724139	7.298493	8.7127986	7.9426853	3.2978819	2.1607652	2.440441	0.9872747	
0.796284	17.7641657	34.8127241	-32.2951469	-28.6960208	38.0155391	17.1079397	30.3091507	-31.990074	33.5232154	6.349613	1.6011544	28.7693837	4.879559	25.0415305	25.7508265	4.2962283	28.0816401	4.8830384	26.3923053	24.7999224	2.2661352	27.1422937	0.2007407	28.2344731	2.9550288	6.5113021	26.5092842	4.5599835	6.023711	4.4711742	29.18952	2.9123836	28.8043954	25.0730778	24.084222	17.7995564	8.2908387	3.3146391	8.660119	9.8975585	9.4973674	7.0972863	1.9806089	2.4348371	1.1167407	
0.5638649	21.5465951	35.5951187	-33.8861748	-32.2591788	34.3621296	20.9142872	29.9846262	-33.3612541	32.5093749	4.3175666	2.8472736	29.3285091	2.8439476	25.0275234	25.7923576	5.2193298	27.0568747	2.8678316	26.2243897	24.3533061	1.8964301	27.3273601	1.5633839	27.6438153	2.7445676	3.9603191	25.6881983	4.4059665	4.1402655	3.4605738	28.205495	1.8123797	27.3395806	25.2769079	24.4094718	18.7154356	8.5203855	3.563504	8.3601687	9.3867892	8.8741629	5.6966579	1.1403937	2.2225394	1.3664686	
0.4489211	34.6498646	22.1855878	-27.2618614	-22.7455505	28.9422411	22.9146147	32.7127567	-21.2467356	16.7044754	2.1643236	7.3885464	23.3242633	4.8793987	21.2020727	20.9583306	6.8986834	23.395088	4.1819496	21.0038316	23.8960099	7.4248995	25.5465468	3.5494521	24.9157022	4.6788856	6.5070577	26.1850679	2.4367494	6.5861472	4.1230918	25.0516897	6.9147101	23.1377946	25.2757309	25.9912254	15.5048476	7.6240636	3.1936461	7.3699043	7.7799137	6.9975097	4.2410533	3.051582	2.8877024	1.4511773	
0.3665679	35.9350801	31.9226666	-32.1589454	-34.5156205	35.5748066	32.8897931	32.290938	-33.4490177	30.3823437	2.2013189	3.5401313	26.2532027	2.6483739	23.8864417	24.9524331	7.3351278	28.4471585	3.867012	26.1512004	28.5314958	2.772351	28.8591126	2.6520497	28.2656357	1.2356787	3.5204131	28.1544248	2.3969866	1.4482041	2.5823463	27.9325112	4.1058753	26.3085848	27.5871513	27.9121112	13.78922	8.2096043	1.153138	9.0865557	9.4830798	8.7174601	4.0436225	1.8494001	1.8512063	0.4577694	
0.3799748	33.3367473	35.7704229	-35.6292507	-33.4499541	33.9344408	24.2036299	33.7632009	-35.8158548	34.1595362	3.5024586	2.2606646	27.0906985	3.0206671	24.4434526	27.5492876	2.7633709	25.6169111	4.1730152	27.2201042	23.9309144	1.6994984	26.1421714	2.7575546	26.4611644	2.4416909	3.7080137	25.0215866	7.9556086	2.6050272	4.1466121	28.3535413	1.9621331	26.2578538	25.3774669	27.358344	23.0024557	9.1609962	4.5457432	9.1179273	9.2555571	8.2680705	3.8831579	0.872362	1.5285678	0.7242059	
0.1335003	39.8409379	39.5461498	-38.3773828	-34.3140566	36.0309602	25.9676577	39.9641323	-39.8117857	39.7115165	2.705797	0.5561045	28.0870289	2.098071	23.9005252	29.8181994	0.3401809	25.9049351	3.2056924	27.6971015	23.0335189	1.3510088	26.4277874	1.6717053	26.2438456	0.9225315	2.7853742	24.067661	9.6908973	0.1792227	4.2925885	29.658883	0.4372494	27.2761485	25.1953432	29.6261385	27.2151347	9.9261367	6.8522804	9.7632552	9.3762912	8.5999571	2.2778566	0.2227215	1.3957559	0.2458062	
0.7715644	37.3126275	35.8077029	-18.1849673	-25.8522688	30.0529295	14.0232724	15.1917877	-20.0909637	28.2762686	3.6624388	6.2968807	23.3803097	5.7357976	22.3630833	23.1771732	0.3282125	25.8760989	9.5180411	21.7221844	22.0238472	2.717392	27.0720856	10.5208133	29.2433114	3.9017051	17.0427239	29.6148324	5.5659293	8.4651651	8.9205333	27.6031982	9.9386237	26.3503464	24.3110663	21.6337616	12.9840699	5.2646817	1.5551469	9.1095857	9.820111	8.3721114	7.4481498	1.6969096	2.6920571	1.6564663	
0.8177996	9.4931577	37.1297498	-31.3459197	-32.8691164	28.0028781	26.67267	25.391401	-15.0033565	26.5880307	0.6580974	5.3465228	28.0049891	5.6330891	25.9329166	23.8241371	6.1653068	23.3971412	4.0608175	26.8276877	25.9181576	5.9388312	28.550531	6.7117305	29.74762	3.6305167	8.4428479	23.9357354	3.3101876	5.7733727	5.5900287	28.449142	1.9935935	28.4302287	26.4720094	19.3595898	16.6008223	9.254824	3.0525563	9.093036	8.9993656	9.1765109	7.0599285	0.4171381	2.1345244	2.9739683	
0.5715083	23.6157645	39.0353785	-33.5415553	-33.6956947	28.2797855	22.3574194	23.6346936	-33.7339922	32.3616909	2.5711399	2.2299655	29.0173589	1.2638654	23.4581612	22.3932549	0.442038	26.422143	0.7107869	29.0135454	25.1904893	1.6984351	25.9330234	1.6389728	28.0394347	1.4322492	1.8856877	27.776898	0.2565347	3.3341844	0.1157826	25.6678621	1.5681508	24.7768895	27.3171497	22.8462003	11.4643737	7.3116363	0.6004606	7.8548329	8.4136004	7.7580294	6.8534298	0.4775524	0.0746377	1.4791682	
0.3548874	24.4071384	35.2477521	-29.061318	-32.6211407	27.6212519	23.9055409	32.8264474	-26.9992927	25.489708	2.471769	3.1965664	24.9036084	3.1878194	22.3657154	26.0812837	7.9782852	26.7639475	5.8322406	21.6807067	24.261962	1.919314	26.8537923	4.9129688	27.0516235	3.1787261	4.5541956	24.9715303	5.7464991	4.4231119	3.1224916	24.4911327	3.546147	23.920162	24.6889475	23.8988036	19.5065316	8.6035697	5.2407258	8.06051	8.9761532	7.8963063	4.4622428	0.9906571	1.2073344	2.2204458	
0.0586161	18.9104417	33.0679249	-21.1488711	-36.8219684	19.6098544	20.3991826	33.2335003	-14.2036983	8.7589403	2.4861507	2.9147032	20.3241106	3.7494126	16.7497026	23.768421	14.7085772	25.9943729	11.6282556	19.7596907	21.183514	0.3809235	26.8757268	9.2168517	24.4197409	0.6006556	4.7644653	21.1336013	8.0199287	5.5931437	2.9003459	20.6506089	5.9265936	24.9409331	22.5650493	20.8716304	20.9724154	9.0912765	7.3889266	7.7374	9.0013914	6.576854	5.3031442	0.9638348	0.7672009	4.363494	
0.3406432	27.9305416	34.1668943	-34.6668748	-37.4946648	34.6619552	23.6166189	31.2781611	-34.8204523	31.3213466	2.5114829	0.2866908	25.7473	0.3809885	23.0441627	25.4228325	5.9988177	25.4676967	1.6947278	22.0977464	22.6498168	0.6468045	26.592951	0.20809	27.200338	2.8186286	2.4330209	25.4787367	1.9782506	2.7728308	1.9446064	26.2309449	0.3955687	26.4440415	25.8960661	24.210464	13.9981476	7.6164969	0.7621869	6.619786	7.8298653	7.7415747	5.4312558	0.53811	1.1494533	0.3734938	
0.3944561	28.9948176	33.398669	-39.1507398	-26.5698512	36.6403627	17.3411208	33.0588322	-39.1226683	31.8729278	5.394908	0.4049246	20.4042555	0.2490907	20.1542551	22.6588142	6.7792593	22.1324556	1.3363178	19.3698529	22.2575088	1.1289469	25.3709439	1.3705033	25.3525045	0.0432578	4.5827013	24.0936128	0.2438691	3.5386868	2.4244054	24.878503	2.9306763	22.6183823	24.419786	22.2126627	15.0717125	5.3506062	0.4857852	3.3324524	6.2926946	6.4216856	4.72819	0.1925512	0.1096299	0.5970807	
0.4302161	30.4313307	36.6943734	-32.4878835	-32.7693678	32.3228176	26.3730277	37.1045562	-33.5143163	32.8902064	1.1840999	1.430525	26.3656749	2.5696905	24.0399309	27.7171922	6.1129644	28.1863831	4.0868542	21.9329488	26.650332	1.601723	27.4732523	2.1099023	28.3166131	3.791984	3.5199261	27.1782775	3.3963583	3.944982	2.3157605	26.3604189	2.2083197	24.1277253	25.9685987	24.9255242	18.4301966	8.8240235	4.6141354	8.4451801	8.987912	8.517247	4.8627291	0.9953339	1.2328775	1.2680249	
0.6634803	29.806316	36.0792635	-31.8619101	-29.9462101	30.5048219	26.6589136	35.8076625	-33.153437	32.6832969	0.8653499	1.710271	26.102395	3.3636866	23.7988865	27.5804364	5.6489378	28.1889006	5.259669	21.1297746	28.554966	2.5147358	26.661099	2.2911411	28.2674069	5.1204075	4.7830738	27.1767994	3.9928575	5.0413992	2.8100922	26.1455392	2.7129352	21.9838635	25.0067998	23.7787838	18.3448351	8.5196603	5.6201599	8.9747122	8.9694122	8.6928674	4.8607525	1.2625353	0.6279722	1.4244392	
0.2698859	20.5047701	29.9285994	-34.6028108	-25.5725415	30.4987731	15.858203	28.9963513	-30.7365244	35.5155821	0.8913298	0.412953	26.0714723	2.0166352	21.0691027	26.5979763	0.7325365	26.9456534	4.1077554	21.4447556	25.3121709	1.9987684	26.1885395	2.0783933	26.0290116	2.1112716	7.3949652	24.5773395	3.686676	5.2752139	0.2491234	26.7462768	2.6799291	25.2063711	23.3631647	22.1332492	13.9118961	6.914399	1.660924	7.7300735	8.1904653	6.3300786	7.4549782	0.6497408	0.4861378	1.4691165	
0.5890116	25.5608512	32.9396422	-30.6053527	-32.1176689	30.7246431	21.3688105	27.016171	-29.6017272	30.7085473	3.6296392	4.3304226	26.3644606	3.4234943	25.1353403	24.9790478	4.3980419	25.9889831	3.7974578	23.8210542	23.9491274	3.3306119	26.7325561	4.4123449	27.8253703	3.9093768	6.7703975	27.1477129	4.0923633	5.0500581	3.9948591	27.3243958	3.5780775	25.2973363	23.8863382	22.4874843	14.3319517	7.9346223	2.0590571	8.3110374	8.6989214	7.4010914	5.145302	1.0073298	1.4168755	1.6822582	
0.7467085	35.198878	33.9863432	-33.4496079	-39.9018312	37.1289111	33.4736041	39.5581736	-32.6587044	34.2111531	4.0194036	0.3688439	26.7285196	2.0489139	27.77885	29.6348434	2.7117874	28.7486228	2.3579451	27.9905914	27.9974933	2.632557	26.851279	2.6525571	27.6462098	0.1532499	4.3324536	27.1168624	0.1675583	4.8613651	0.8138002	28.2779989	1.349476	27.960564	20.8148747	23.0463179	13.0477943	7.8521681	0.0349287	9.0057332	8.1380445	8.0330577	3.2488123	0.3457126	0.3531085	1.0326412	
0.3793596	33.5869724	31.1170428	-28.3070319	-17.3779681	22.7733216	31.5902642	32.1874988	-31.3269275	14.5284663	8.0011069	8.2606435	22.1786859	7.8643368	23.5015103	16.1137639	12.7383962	23.0125581	8.7157488	25.4259997	19.6789441	5.0805428	27.2989817	5.2341283	22.0092654	3.8464398	3.5192763	15.724544	1.5987185	8.7936678	4.6215834	21.6072924	8.6909218	23.3201236	22.9148673	24.1262126	16.2638832	6.7047305	0.5586106	7.0332058	6.213437	7.0949783	2.1908822	2.4406275	0.0298023	0.2279672	
0.4983829	8.7723391	24.5125887	-25.9520759	-29.6889115	29.7501639	28.5074045	23.4968862	-33.3643477	30.3648613	3.9114769	3.0990639	26.1459923	4.2813327	23.9161179	23.9334937	4.4209152	25.3764278	3.2705088	16.4173851	23.9196036	4.5196527	26.3814487	4.6686371	25.9319975	7.9731917	8.5205969	27.9849905	6.4209584	5.7084958	2.4394201	24.9711945	2.9097482	21.57236	24.6168726	27.3624252	15.5874654	8.3805122	1.5470642	7.806757	8.6682172	7.7493081	6.4234	1.6408245	1.5845206	2.3177462	
0.5109152	4.7715883	21.0707476	-34.3014344	-35.6121406	37.699298	21.071993	27.0668812	-24.3507808	30.5588939	6.09231	4.0893794	24.8639778	2.3657306	26.0179099	25.5216019	7.7255989	22.6167584	7.6061502	11.5890071	23.0473211	2.8809374	23.5394044	3.1499012	23.9043136	4.7830264	13.0102815	23.5786545	6.8212415	7.2922565	4.4794518	26.5201186	4.385125	22.7810831	23.3678767	26.1272299	18.4889962	8.2256144	2.485658	7.8064071	8.266025	5.7880941	4.401536	0.3718513	1.5304405	1.4273906	
0.4211945	26.8560955	33.3076579	-27.3004109	-31.6055656	35.4888293	21.9310257	22.7811071	-30.2756823	30.5380879	1.1943661	3.5125195	24.9483433	4.9847723	25.6603835	26.9553779	6.3648994	27.8180646	2.891947	23.6382067	25.7324047	3.9951856	28.4700073	3.9595961	29.0896281	3.651384	8.8520569	28.4081346	5.9996984	3.220524	3.0031906	28.989433	4.1342751	22.602013	28.1931862	22.3288543	14.0205836	7.176513	3.2030524	7.6637159	8.2684034	7.3352221	6.1709009	1.496162	1.8997733	2.3378907	
0.4590104	28.8389594	32.8618728	-28.354622	-33.1741852	34.4040882	26.3144956	26.733571	-32.4226349	30.5151801	1.3833915	3.3195246	25.4837811	4.9450538	25.6505437	26.3943775	4.8679128	27.3008427	3.3252805	24.9741181	26.2354853	2.8968609	28.1279569	3.648643	28.0807021	3.5272259	6.6122779	27.9837808	5.0751997	3.4135986	3.2436642	28.337786	3.4778318	23.5563881	27.479529	22.4368377	14.4572677	7.7419697	2.4536745	8.3161816	8.1839917	7.3540573	6.1875003	1.1992642	1.7890627	1.898338	
0.5692729	24.0872691	31.9993907	-34.5319372	-35.8263338	33.4351302	25.5708069	27.7456367	-31.4026134	23.4706923	2.4642687	5.1545297	27.5003048	2.1311971	25.4045759	23.8539095	3.8537443	24.5256402	4.1339312	23.070749	26.2828292	1.1609	27.3746666	2.5426277	26.3901728	0.8027145	2.7698145	26.8873508	3.1941584	3.7355043	3.4270011	26.8953748	1.5919071	25.4545341	26.5651991	22.0079741	13.2525478	8.0816811	2.4495118	6.7762614	8.5051793	7.65259	5.5281357	0.0909689	0.1710051	1.584405	
0.5706595	21.8706445	27.9203438	-37.4451158	-35.1466645	37.2700694	35.4339705	38.1647661	-31.0459974	17.6542305	0.5718128	9.937008	28.2178874	4.4811633	27.7998029	22.3396781	0.9187345	27.679427	6.0066215	24.0342282	28.6483839	1.1557827	28.0122389	2.302494	26.1789197	0.9915844	1.8043487	28.8251089	1.2614501	1.8496	0.2717643	28.8236573	0.4224566	26.8249537	28.9614999	22.1889326	7.3126303	9.0490661	1.5608663	8.9770188	9.0374579	8.8219995	6.9543289	0.0540187	0.0959355	1.807925	
0.5553273	27.6778075	33.9727743	-30.1333422	-38.3255031	29.7397874	19.3642851	21.7425305	-20.5253467	19.9722821	0.021697	7.758219	27.295939	2.9667043	27.3451629	19.2645687	6.5692634	23.5187106	4.4543553	25.9478911	22.2604301	0.1478815	27.7559657	4.2188586	23.7385693	2.1936689	1.6181495	28.4533855	0.9487463	7.4599447	2.2025859	28.6775186	0.6814458	25.9331015	27.2337162	18.471045	7.3321896	8.8567757	0.417692	6.1202963	8.7085171	6.3208472	5.4895135	0.3479144	0.4999849	2.188319	
0.3544873	21.3226998	21.4612586	-25.8592051	-35.32372	20.3837254	18.3391553	22.4793886	-30.1906311	3.8338419	8.1031882	12.4276659	23.615928	5.9291486	25.1071903	18.8340903	3.3175103	18.3489177	9.7009558	19.7076919	24.984379	5.0957786	26.7036969	3.4025557	23.9762236	5.150836	6.0451063	23.2694203	7.2276294	8.3699467	6.203172	27.6719177	2.5650167	24.8320891	24.2291888	17.2121613	8.9000194	7.058844	1.3593906	7.6778093	7.4282139	6.3149056	6.7598347	0.1630525	0.6466825	3.2598928	
0.4384755	27.1238681	23.5358942	-19.5996827	-37.1947646	16.1700152	8.0958755	19.8061961	-11.0082963	16.843078	4.3359021	8.5898918	25.8940197	5.0385546	24.3932731	21.3280188	8.0975927	22.6035146	5.3239409	22.1837592	22.5631174	0.85827	25.7321502	6.8207492	24.7423662	1.3955877	8.7454412	25.2004571	7.1470796	7.6538251	6.4980499	23.8515288	4.2672796	24.1071719	25.5642044	17.8739508	7.1072661	8.746792	1.9912387	8.2103596	7.6943378	7.4467397	6.067974	1.5625051	1.1640116	3.9943729	
0.0534908	18.8740876	31.688896	-26.3909783	-31.1434487	23.7927545	21.367156	22.3500302	-20.123082	20.4733454	2.6514583	8.9203391	26.7741834	5.7760784	25.0829579	22.6515582	9.8066846	26.0939832	7.1847325	26.4765641	22.9967401	0.886965	27.365205	10.9393197	27.4737498	5.988486	6.5013415	27.6253398	7.9536597	7.7678413	4.3642245	27.0306359	4.9025129	24.3703487	26.8424643	21.085536	10.0885065	8.6185503	2.2504829	7.6271085	9.4816522	7.1669794	7.4862831	0.1816695	2.3218329	3.8311926	
0.237892	28.3827994	38.6592127	-37.4726772	-37.6547222	37.4332414	13.7736283	14.0910571	-35.0042011	31.6791696	0.3954146	0.6656556	28.9692006	0.1772701	27.9431202	27.2969954	0.6087792	28.2311905	0.5892595	26.2188823	28.4665834	0.6666818	26.7296827	1.378196	28.9884626	0.2018552	3.9504658	27.0481361	0.4171239	0.4515851	0.0110322	29.1530493	0.2802164	28.2212276	25.2405284	28.3055414	24.8694907	8.9080816	1.1106824	9.0443144	8.5436233	5.931665	7.0494502	0.5472206	0.1989125	0.2710543	
0.6020241	16.1076242	29.6005055	-27.9689296	-32.2413041	27.7443501	10.7601322	11.1174423	-20.5867935	17.7209999	8.6376637	4.5995335	20.2984116	7.5357445	18.8515731	20.8598389	7.0231186	23.5854788	6.6598643	21.8320325	17.6797363	5.4933505	22.742157	2.7051008	23.0316815	8.4085231	7.8477284	23.7091664	9.9456592	4.7892271	7.1187423	20.5466924	3.7643355	18.3254488	21.1746748	19.1336489	13.70432	5.939332	1.9592995	6.0999153	6.9200915	6.7203188	3.3348038	0.4605498	0.4211509	0.6613768	
0.7787489	32.1944958	23.3366802	-9.6591713	-23.9554388	29.4573007	13.3809989	15.740827	-16.4960155	25.1276347	6.9446739	4.3022454	21.2687853	10.4422505	22.1198044	22.1213675	5.647389	25.5751163	11.0455888	19.4982064	23.6723778	2.4321779	22.9081833	9.8675404	29.579251	7.8362576	18.2176286	28.1155184	6.6396594	9.2487007	13.1154138	27.7207273	14.1307518	23.2277198	21.4391416	19.9790076	12.4972825	5.6435077	1.80639	7.8755727	9.8733263	7.0229192	8.1267793	2.036415	3.1126256	2.9128703	
0.5764535	27.2880894	33.223295	-31.2632691	-34.172528	33.7196303	31.6513137	35.988469	-34.6781787	29.2610636	2.2079184	4.1672843	26.1354042	5.0091814	26.9706114	26.3196797	3.5691055	27.0061188	4.6201801	28.6759891	27.0565552	1.4951672	27.9513615	2.9366988	26.3181375	3.164112	1.9750958	27.4722344	5.1919007	4.7812124	2.7025325	27.0159096	2.6300023	25.8926769	27.7109018	25.0527108	13.565572	8.6676759	1.6380269	8.6463644	8.7121279	7.7725094	5.8893011	0.8676847	1.7151245	1.0652311	
0.5830646	28.1938996	33.9381208	-32.0937609	-30.7030343	32.0173101	29.7833356	34.3651466	-34.0478688	27.0583725	3.7922716	4.6913766	26.3822448	4.9097206	26.5116837	24.4437201	5.290473	26.493824	5.1964993	28.264229	25.6739038	2.084224	27.8154964	3.1089766	25.7876959	3.0300657	2.119133	24.8596329	3.9091049	5.4590266	3.0054274	26.2313753	3.5907894	26.5081718	26.3978071	25.740088	16.0193738	8.6893734	1.6702739	8.631451	8.5650913	7.9121783	5.4098598	1.3505992	1.3965438	0.6956489	
0.6218658	20.7655778	31.2281108	-25.2065967	-38.2043991	27.9752412	25.2953771	20.3451064	-21.4283281	17.0074703	2.5722101	10.1294962	26.6524842	4.5216437	28.6095219	19.6222193	8.0796018	23.7772438	4.7062154	26.4693567	25.6242028	0.4332848	28.5897122	6.3484945	25.2363869	2.9473352	3.0788997	29.3048176	2.75354	8.1994774	4.2050071	28.3634376	3.700705	24.6628251	27.140222	19.7785727	6.8507916	9.1460132	1.0305769	7.6133212	9.3721892	6.7594454	6.4813669	1.8087998	1.3014331	2.5836966	
0.5674432	24.9053543	32.12622	-27.9325487	-38.2151956	28.2701685	27.1572316	23.4755178	-27.0772858	20.2690544	2.1617468	7.5708007	26.1543407	3.3221565	28.2155609	20.2936933	5.5337419	23.4303619	2.7627101	26.96718	24.3810341	0.0148833	27.6073306	4.2846689	24.6508347	1.4589745	0.4989185	28.4201879	2.7014451	5.412206	3.8094119	27.6437731	1.9661691	24.3963114	26.6263533	20.8524514	10.9676525	8.3558763	0.600906	6.7454251	8.3434058	6.5746218	4.3047679	0.871239	0.342185	0.6818593	
0.1200411	27.0558429	35.8698725	-38.4009639	-33.2983133	33.4752582	23.7222008	37.4864574	-24.948433	24.3834821	0.2487994	1.4643045	23.4456154	2.6833763	19.4369885	28.5207756	9.8069856	28.2458835	3.210474	23.8905774	24.4924494	0.2483063	28.5033974	4.5248565	24.7905203	0.7544445	4.379236	24.3474277	2.6744489	0.0809672	0.5139461	24.472156	0.3722154	25.0889811	22.3605987	22.7214209	28.7632605	9.2039017	6.0011998	7.5844827	8.7830278	8.6219801	4.4752138	0.5308106	0.0308747	1.962811	
0.1693465	28.0907033	34.3394442	-37.8935472	-34.2827618	33.1541808	24.8147322	35.7063665	-27.389537	24.8422674	0.6393033	1.1384828	23.2661458	1.9353887	19.5858921	27.0661201	8.571627	27.5451514	2.6007945	23.6017149	24.5592716	0.0121282	27.8335534	3.4093081	24.7445563	0.1097043	3.4664844	24.3678401	1.8779694	0.3544146	0.1866391	24.42324	0.3779603	24.5919148	22.6649221	23.0185719	25.0274654	8.2640552	4.2906004	7.1439102	8.1820511	7.900089	3.6479085	0.0535415	0.394941	0.9208156	
0.3792089	37.2711056	36.3404861	-35.0803629	-39.76444	38.7986087	30.5767598	31.0318477	-35.6387354	36.801551	0.0919245	0.9178951	26.7594521	2.1820512	27.0364491	27.9832025	1.0456404	28.4243992	2.0691997	25.5893923	27.4027682	0.661981	28.4884951	0.6626125	28.669352	2.2389312	3.6884596	29.6538346	2.7055467	1.2208793	1.6206533	28.2730314	0.4088038	27.2208523	28.2241626	22.5863063	17.8911273	9.4679717	1.987024	9.6083978	8.0932907	8.1435164	6.7820158	0.5722447	2.3639287	1.2578475	
0.3324339	34.8346716	26.9502289	-28.2452663	-26.4118822	37.1011436	23.3847705	28.56674	-32.0066073	28.8951102	3.4929183	3.3135021	21.5817973	0.7531564	25.7796546	25.1392668	3.0520215	23.8601769	6.5162082	26.4711852	25.9800735	4.6812222	23.079087	2.0171139	25.4856215	3.3789925	0.055328	27.1489704	4.2101327	3.8963318	3.671563	26.2665254	4.5912131	27.4890885	22.861817	18.7338689	14.9589746	6.3742536	0.7255711	7.8637761	5.6606303	6.2027277	5.4178695	0.0184702	2.0131169	0.6862034	
0.2155836	18.1013154	23.6004162	-25.5126045	-28.9886505	22.9444139	23.0358902	19.6873199	-37.4899575	32.1506264	4.2042746	0.7695146	23.8886349	2.9217213	18.1927174	25.6972377	1.0105506	26.5310807	0.4306291	21.2169966	21.323679	3.184404	23.4367112	2.9027806	22.9004002	4.6078047	3.279583	22.2845323	4.278887	2.6079248	0.7560424	21.68457	1.1929652	21.7059387	21.982764	26.6400653	15.9041145	5.4191878	0.7210837	5.8890848	6.9819294	6.3282928	4.0659215	0.6337971	0.6630386	0.5614218	
0.2384764	34.9901772	26.3654168	-27.1710226	-29.7289245	37.1857875	28.7402626	31.0579555	-32.4113506	29.7642023	3.0768264	5.9804209	28.0412282	4.7951121	24.3184684	25.0724563	9.0402581	24.3748941	4.7960803	25.2013176	21.3172194	6.5951942	28.9574117	3.9188881	29.1181713	3.5778994	3.3983075	23.4753049	9.4457486	1.9234213	2.8763325	26.8784362	1.937077	26.5550166	21.8299183	26.9014205	20.402528	8.5225695	0.356313	5.4507037	9.4026599	4.6613211	1.0223606	0.5008732	0.6480691	3.4616892	
0.4336581	15.0386199	30.5471031	-37.6989158	-36.1204871	29.7795475	36.1663632	28.9477355	-23.8241226	27.8713851	0.4443487	5.2716777	21.9199183	0.7086867	28.2329499	23.626953	3.1367587	25.8096817	3.9135417	20.117137	27.9985045	2.0944107	27.2337408	3.7088157	25.9983729	4.4478497	8.379763	26.0184824	2.5461244	2.0438634	4.6289694	23.7258114	0.2324259	20.7179503	24.0584957	25.2985979	15.0160924	9.2143155	1.3705518	8.1039065	5.4929313	6.2539538	2.9287969	0.7610972	0.3243563	1.6925562	
0.4090891	18.5499534	31.3799181	-37.0501021	-36.1366929	30.8500679	33.6744967	29.4513057	-22.8726881	28.4610777	1.1603271	6.5672094	23.5411397	1.5642615	28.5229198	24.4504536	4.5087107	26.6427556	4.8703963	21.8688783	27.9307025	2.6581281	27.8622865	4.6928216	26.9384605	4.6962944	8.54708	27.2397304	3.0847261	3.5022452	5.0454543	25.3682453	1.3256056	22.5098339	25.4237983	25.000908	14.4413577	9.8195292	2.0083575	8.7865224	6.7552806	7.0667754	4.2063783	1.3128846	0.3243563	2.5731008	
0.640348	27.4632951	31.4534616	-34.4091776	-37.2520138	30.9869192	27.6054639	32.6018654	-39.8474972	30.2989188	0.227046	0.3376635	25.6232298	1.5602864	22.7225817	24.8941374	0.4306585	24.318604	1.5210829	25.321141	24.3155909	0.3321217	24.7375645	0.5085676	24.3417883	0.2743643	0.6014432	23.7714827	3.0899158	1.1607648	1.4400694	24.7930726	0.0723154	23.7276496	23.4660656	24.2727789	15.190865	6.5126595	0.0274775	7.1352998	6.6777514	5.5597876	3.1836036	0.5481949	0.5664295	0.0433617	
0.636675	26.027563	35.075563	-37.3935932	-33.9395214	35.7157635	31.9683813	38.1640278	-37.6499115	31.8795338	2.5030707	2.5671273	27.5144327	0.8294092	27.9211217	27.8940964	1.3975734	27.9918798	0.7295311	29.7328429	27.6915599	1.2850568	28.3644103	1.6626195	27.2659695	1.4936905	1.1042087	26.5355254	2.9090811	4.0384266	1.8711103	28.8048581	0.4797584	29.1565384	28.9314546	28.7452123	18.872387	9.2657547	1.8874339	9.4276799	9.9454495	9.5269308	6.7881867	0.6702688	0.6606464	0.4145196	
0.0690163	31.8940547	38.3828697	-34.4751131	-39.2485733	38.6876955	18.6311341	30.6478238	-38.7601022	35.0738442	3.6483102	0.0064811	27.2218963	0.1142298	22.7586315	28.5002028	2.0581944	26.93133	0.4314235	17.9771994	19.8529519	0.1699385	29.1996209	0.0251551	28.8315801	0.0996375	1.7449321	29.3360724	1.7391499	1.7315044	0.2472488	28.186154	0.4058221	28.1115586	29.0357966	28.573398	9.6526255	9.1213055	0.2840846	6.6547607	8.5424232	8.0821391	4.9668214	0.0042221	1.5024254	0.0677611	
0.310167	28.1002012	35.6421053	-33.0280993	-37.3218382	35.6325422	20.0002954	29.577192	-37.3035989	33.7673442	3.4678803	1.2269607	26.8535402	0.3776948	23.2362297	27.0839406	3.020336	26.5406702	0.7066409	20.1429732	22.1874098	0.8676052	28.2124047	0.3488674	28.1326869	1.4645464	3.6269574	28.1169868	2.5030062	3.3458381	0.2472488	27.7109282	1.4270194	26.7031858	27.034806	25.9555639	12.0133443	8.6961172	0.8227621	7.4884471	8.5324671	8.1069783	5.2071626	0.0042221	1.3221462	0.3717249	
0.4000202	29.6670066	32.1032866	-37.359089	-33.5251533	32.6897504	33.9010262	39.9578346	-31.4155093	39.6859139	1.7080983	6.8638059	29.9450169	1.3045914	25.4072715	26.6718055	4.1911373	28.2130973	1.6708437	26.4637685	22.6940258	4.2630254	29.5604003	0.2354347	29.9373295	4.4776263	1.1347452	23.802511	2.1214064	3.1408934	2.6890502	23.9646385	3.9445537	26.4202003	29.8947702	28.1319427	20.5797077	9.1305777	0.8411244	5.7425928	9.1085602	9.9934269	0.6900558	0.4606796	0.2471551	0.3434853	
0.258011	25.8104521	25.9720782	-13.2955165	-26.0808995	23.3682194	18.6619388	12.8004345	-19.5637278	14.2462448	2.4671796	7.9557707	17.9690311	7.0561961	21.675952	23.7717153	3.2649198	26.0021284	7.775304	20.5600865	25.3795099	8.0050999	23.062146	7.8946174	25.5811846	2.9395834	13.9315952	23.3818774	5.2161384	4.709601	9.0512523	28.2978893	9.0997988	19.3477298	22.4957872	19.4985419	12.3258887	5.3221564	2.4076142	6.607042	7.7550723	7.0200258	4.9020655	1.5081945	1.4035172	1.5497714	
0.5841958	37.1300007	37.7017051	-38.9541143	-38.8350022	38.6854127	37.3996931	38.8451576	-37.7922333	37.6205023	0.0502379	5.0011086	28.5406142	0.1615567	28.6048468	28.6140101	0.5130173	29.0886745	0.5724277	27.946697	19.9473611	5.4279878	28.8321439	0.4309592	28.98339	0.4174403	0.0342433	29.158624	0.0794917	0.2368034	0.0480796	22.3413646	0.0307328	26.6498027	29.177828	27.1202775	28.6390971	9.0421948	0.5414383	5.2800208	8.4459149	8.9279499	0.0023548	0.0556523	0.1044294	0.3062914	
0.5908026	20.467508	32.6517473	-34.1386513	-35.473973	33.2610006	23.9967599	32.0736108	-32.2505006	38.6251966	1.9674377	1.2899115	27.3557936	1.1568465	25.8961848	26.8472079	0.5767502	27.7403748	4.3239421	26.2120362	28.803827	0.851635	27.5455198	0.1413901	27.0203623	1.3239476	3.7450982	26.2129989	0.1148724	1.9070295	2.4175294	24.2797406	0.9362705	26.5906234	28.2759299	26.9856737	15.2548514	8.4458471	0.9798351	7.4255653	8.9265459	8.6379146	5.4592225	0.0391557	0.6401186	0.6206501	
0.6920273	24.312584	34.1483379	-31.9716736	-35.7472405	34.613686	23.0816245	24.6435888	-33.4395714	27.3271059	2.789334	1.835719	27.7959706	1.0853984	24.3517076	24.2697531	4.5841557	25.2079415	3.8195948	22.1569978	25.6099642	1.8525313	27.129227	1.6220701	26.8222658	1.4234433	4.1307674	26.5261998	4.8750896	3.026582	4.0156435	26.6804703	3.0309997	25.2325567	26.2501176	23.7865402	13.810534	7.669353	2.5146804	6.5709191	8.8393727	8.3263703	4.8446267	0.4864614	0.5703943	1.4204686	
0.7198657	26.02355	35.3463275	-31.5158449	-34.7644786	34.3097428	22.7742963	26.293522	-34.8090625	30.430316	2.2331091	0.3270174	27.3477724	0.9701739	23.6653992	25.2391176	4.6271598	26.0742863	3.6045621	21.2022441	25.7680321	1.9579205	26.8256867	1.0190025	27.2783964	2.2104267	4.4483729	26.5514809	4.8260818	2.9554804	3.515102	26.4037791	3.1214216	24.3566665	25.8288447	24.430974	14.6717406	7.5703839	2.903452	6.8867428	8.7820146	8.4934879	4.4609252	0.5581793	0.5489457	1.0421244	
0.8665204	22.8336175	20.6605533	-23.3081311	-36.4108644	25.1941443	15.6150688	17.2715771	-37.6912536	31.2094053	5.2625346	2.4041118	24.1881719	1.387611	22.3107128	27.8082684	1.4531812	22.1590731	3.5848996	13.7684196	23.7966585	7.7873861	27.3344823	2.7015066	25.499186	3.4538936	14.9540863	24.3381999	5.6128251	6.9301101	3.1818028	25.4519582	10.3232075	18.8277972	19.3943593	17.7756938	9.0922257	6.7891666	5.0083192	8.8392586	8.6304961	7.7548469	5.483334	1.1884771	0.498818	1.9555212	
0.3769892	25.3337783	35.895041	-33.9343675	-35.7123156	33.1481027	21.9130795	30.0654317	-31.3151385	30.4375776	3.5042849	3.7559686	26.3192527	1.1897065	24.0590337	25.3999016	6.1900069	26.5774846	3.9140257	25.2003283	23.0628934	1.7395958	27.7194463	1.8886742	27.5761193	3.2921925	4.6631748	23.5763321	3.910277	2.7513449	3.6548003	24.7824115	1.2837331	26.5188108	25.7452055	26.0191725	16.5362587	7.6245731	1.9199601	7.0033372	8.7401845	7.9360431	4.4167195	1.1862178	1.4667876	0.6308559	
0.2818733	19.7940969	34.9472805	-26.5319021	-34.921722	23.5080028	12.7696364	10.9062668	-12.5820656	14.8392496	1.8782636	9.2160722	26.6869772	3.120984	27.8849048	18.6650721	5.0575377	20.1485078	8.9702358	27.1277415	23.9662314	1.4655953	24.3589952	10.9915725	24.0928657	5.0211312	6.8020045	29.1544068	4.2881443	10.7593167	3.3693864	28.7215885	2.8365043	23.0216342	27.6539055	22.8560047	9.1550819	7.0854686	1.4257837	8.1407469	9.0512679	7.5056096	7.1821312	0.1509246	1.8188821	3.3877115	
0.3544483	18.196935	33.2767865	-27.3075223	-33.5321076	24.899744	14.2174937	13.1342105	-14.4399528	17.8587192	2.3468774	8.5422523	26.7982964	3.4182761	26.9183117	19.485289	5.0423342	20.9925208	8.3697248	26.869565	24.305452	2.089995	24.871741	9.7334105	24.3147026	4.5598004	6.7978293	28.1945454	4.3544307	10.1184215	3.564703	28.4524507	2.7901746	23.4386808	27.1556744	22.4390507	10.320084	7.3034487	1.6858479	8.2765127	8.9171656	7.7567921	7.1469491	0.4116053	1.7827135	3.1624254	
0.3063079	17.5057872	35.0869395	-24.8066634	-34.3031202	20.8499766	10.522013	6.3970773	-7.3831316	10.8861607	1.590777	11.0057939	26.6094018	3.6465352	29.0889167	16.9217496	4.9796159	18.8806504	10.279298	28.3577662	24.1502474	1.6306635	23.7129014	13.1315742	23.2318328	5.4881347	7.5235188	29.7893125	4.5258793	12.2686246	3.8804027	29.0650427	3.2880201	22.1099276	27.8474959	22.2124842	8.1728629	6.8892711	1.4831937	8.3183188	9.1786681	7.2700311	7.260402	0.1476642	1.8541616	4.0632122	
0.6241347	21.2037544	28.8667703	-27.7553622	-31.9988367	30.1556411	31.5321957	11.8297289	-39.7131607	27.4507285	1.4437824	1.3944732	27.8667101	4.393565	27.013189	23.4803177	0.9183515	26.5498054	0.6379593	21.6362324	27.2137786	5.5875354	19.0823795	7.5828191	22.3558428	3.1975578	2.0884641	25.528386	7.383517	2.4929677	2.7087463	26.4514726	1.3991849	25.622323	28.5897892	28.2849147	22.1220675	7.4537846	0.2086161	8.8615152	7.8601599	4.8127565	8.5969113	0.9930964	0.4831185	0.2544328	
0.531382	15.3331609	31.4113538	-35.6564238	-36.7321506	35.1068273	28.9470058	30.7212664	-32.9175351	34.9194616	0.0641673	1.7275356	25.9408572	0.7427972	25.3573297	26.4919576	1.9775643	26.3920338	3.4004355	18.4058686	25.7767291	1.6464432	27.9579913	1.1069314	28.4958337	3.8046341	9.0223116	27.0637872	2.1544025	2.3859033	1.2887978	24.0754168	1.5053483	22.3242537	25.406753	27.7129306	16.7622361	8.1826758	2.1244215	7.5281151	9.0446373	7.3378705	4.5145939	0.5079725	0.7121624	1.0729984	
0.5035999	21.4226206	24.1714258	-21.2423293	-36.3693702	21.5533954	17.3547332	11.1740769	-12.4785436	13.9325272	0.5107062	6.2670893	22.2217659	3.206255	25.1871943	19.4960433	3.5395772	21.85863	4.1192689	24.8718373	24.9475228	2.2075812	25.6631765	9.0880356	25.7385342	3.1015821	8.0163153	27.0894838	2.883527	9.205662	5.8140718	27.1600878	4.5745014	20.65189	26.9126701	19.9189999	7.9424292	6.2446671	0.4135239	7.5816323	7.187376	7.672199	5.62084	0.9556235	1.6540012	1.5398206	
0.5049422	22.2864491	23.4633209	-17.6764113	-34.5481077	21.5272742	21.3355791	10.9375775	-9.8751573	12.3014164	0.2416551	7.4977704	21.3349263	4.9672481	24.6047378	20.0858521	4.5873329	22.471071	5.3519758	25.2345942	27.6760327	3.5694664	26.1497023	11.2708398	26.6795751	3.7382874	10.7877436	27.4768117	3.6913971	9.5742209	7.4632202	28.0080954	6.4720086	19.7514892	27.2455445	19.6498484	9.1589801	5.75348	1.5681919	7.9421514	7.8013128	8.0254474	6.1568381	1.5871857	2.0821594	2.2945223	
0.7218672	30.8054547	28.4777959	-22.8944714	-37.7626946	27.6327762	30.6617884	24.222787	-38.0956413	31.3902206	1.7720801	4.4835743	28.1014958	3.8911192	21.3440806	24.8872315	1.6048496	24.2728228	2.5890162	22.0210805	25.5660604	1.2015231	26.1555123	5.3352705	26.772269	2.8159744	4.9281413	25.6717355	4.5434705	3.4449062	6.8679102	25.8829626	4.4156175	21.1285951	23.1270828	21.9371694	13.8860021	7.2434346	1.8123622	9.5793287	8.3356522	6.4392082	4.8027603	0.4595212	0.7720423	1.6532281	
0.7617928	31.8181624	28.4667334	-22.7837093	-38.5242582	26.685562	32.1079264	25.1747794	-38.248422	31.2739132	1.6840056	3.8054907	28.530198	3.2500395	20.6534264	24.8217292	1.5565796	23.6957438	2.6365378	21.820291	25.8573289	0.6593225	25.8052008	5.3712845	26.3656739	2.3716349	3.748763	25.2157971	5.1025739	3.0394249	6.9880634	25.0855807	4.5410291	21.0569999	22.8212754	22.7275499	13.3778223	7.3953621	1.4049466	9.386356	8.3699027	6.6440274	4.6787672	0.2483701	0.6112332	1.5743261	
0.269633	28.2807815	33.2930345	-37.4737152	-36.502591	24.981821	38.0160951	37.4719976	-33.4465975	29.2896646	0.0018195	0.005574	20.9192676	0.6465668	28.028783	23.8810157	1.2785797	27.1975243	7.8935162	26.6978584	23.5774109	1.1711818	28.9527324	0.9646934	23.2549985	0.4110211	0.6013247	24.6300833	0.1509464	0.0588688	0.7931154	17.8028391	1.90344	24.6873945	25.9008332	28.2023707	16.6824558	8.5920761	0.9644648	7.6924638	8.30688	6.4138034	3.1219186	2.7672963	0.137638	0.12373	
0.3288105	8.2424515	34.7515479	-30.1150393	-35.584227	34.2003499	19.8933227	31.9934463	-35.80975	36.5727256	1.8157883	1.1885234	28.866046	2.3204386	26.3558115	28.8571287	1.6116691	26.9632915	2.5431097	18.6609585	26.6715722	4.1186795	28.8147355	2.6732447	26.8334176	5.2644813	8.4233705	27.2961285	2.1164793	2.6555392	1.2615097	26.635046	2.4239035	27.2106558	25.737073	27.0121603	14.0648589	8.880707	0.8991717	8.7300648	8.1008853	8.8114005	6.2401865	0.031005	0.3549436	0.0355709	
0.7061312	36.8583647	37.1513274	-38.6870146	-39.2602184	38.7307247	27.3615055	38.2053124	-39.0598139	38.5751339	1.135517	0.6876462	28.5956014	0.6244493	24.3721688	29.6368768	7.2954907	28.9922155	0.8060943	26.4895052	25.3012525	1.8569047	29.1651471	0.6964424	29.8066636	0.8365239	1.0060064	27.7133445	1.0286042	1.9777501	2.1689304	29.1477523	0.3202681	28.8768141	27.8469031	28.6243346	22.4124359	8.6373369	2.5445575	5.8772912	9.1495188	9.2926141	4.93691	0.9162993	3.3613884	0.0522679	
0.4704773	21.8760712	30.7164182	-36.7254006	-35.4405985	32.6715093	32.6287008	30.4009841	-34.6491347	32.6489446	0.6365139	2.0425733	23.399849	2.7652518	23.8889153	25.3943103	0.1118807	25.13782	1.0092275	20.1303324	25.1706692	0.005704	26.2685426	0.6929892	24.7211984	1.1687161	0.1869287	25.0245763	0.1086605	0.2109448	0.4821469	26.2294893	0.3001718	25.3930593	25.5461269	18.3438042	16.7911311	7.2202816	4.8244322	5.189649	7.016478	6.6132879	4.9916367	0.6822695	0.4470027	0.3472735	
0.2747178	13.1006134	31.7541604	-25.2469258	-30.4971643	24.4068969	19.4277508	30.6997101	-20.805838	20.2514451	4.7107209	3.7922606	22.2421756	4.3907686	21.3535412	24.141576	6.8588313	25.532936	7.1225409	19.8488873	21.9215675	2.5399486	24.1246236	6.5313816	24.2178706	2.1595371	4.9086463	23.4641732	7.2888995	5.1883133	2.7407748	21.8998548	3.2302556	24.2233017	22.272123	20.6294826	22.0728991	8.0367894	4.8832513	7.3584376	7.9853463	7.0503356	5.3089716	1.3264592	0.0801328	2.3942582	
0.337066	18.2893567	32.2347176	-36.2670916	-19.2739722	30.3034802	18.2818864	39.6092272	-19.3283298	34.2527073	12.5712862	10.5037839	19.5761083	8.3172031	23.5867285	26.9556522	7.6772788	25.2278916	6.266685	24.93615	16.7212323	7.7756109	23.9316617	8.2879109	25.4010171	7.4114459	3.4123439	19.4602716	6.2895744	3.4720069	5.6737382	16.1593276	2.8717618	25.351836	20.0005313	29.3076514	21.4705907	6.7210968	6.9017616	8.2255214	4.3807072	6.793078	0.8740477	4.0435776	4.9783064	0.810921	
0.1814743	36.3586007	38.4762953	-37.3149982	-37.2304604	37.9647949	12.5833222	31.808031	-36.9554531	38.5062142	5.3600663	1.1439734	28.9447835	0.486053	26.8892987	29.0724138	1.2027766	29.0739254	0.6868957	24.8212992	19.2483966	0.5588804	29.3021075	1.1824211	29.2889692	1.5680764	1.7729241	28.8531242	4.9746146	1.6160089	1.59405	28.8583321	1.7040697	28.2690169	28.3200303	28.5268062	9.2081665	9.5096879	0.7700928	9.6152099	9.7573497	9.6954425	5.0876303	0.8375962	2.4006193	0.38559	
0.5948022	18.0504299	31.6917811	-33.5317101	-35.0867303	32.9534314	24.3458746	29.4813805	-30.0497488	35.6676698	1.9903516	2.4663122	27.0958419	1.4954068	25.6880118	25.7988163	1.7281078	26.6615145	4.5757029	24.898484	27.6860562	1.5538764	27.4661063	1.3847758	26.9577658	2.1328969	5.1809343	26.2907546	1.2032127	3.0575428	2.6457988	24.780284	1.2829955	25.4312226	27.4395219	26.2403657	15.3593213	8.3750634	1.4580017	7.6769098	8.8982132	8.4650467	5.4661538	0.817422	0.8973798	0.5386532	
0.1328922	34.1349615	33.2789647	-39.2864621	-32.9958143	37.138017	29.1844274	35.3305789	-35.1057944	34.7120247	3.9302021	2.218893	24.5780581	1.3273936	26.5064091	26.4217057	5.8853704	24.6992323	3.1407258	26.8644877	25.1291684	1.7912993	23.2642234	0.2016522	25.2671516	0.4092951	0.3028191	24.8869803	2.9172969	0.3122478	0.0748025	22.22333	0.4070113	26.1109892	21.3894838	25.1643524	19.4858785	6.415091	3.7294418	6.5354281	6.5495049	6.3211195	1.7498825	0.2247691	0.419258	0.5627222	
0.823354	15.9574684	34.9012324	-36.0403063	-37.215296	37.6488075	15.073118	13.7887321	-36.5582766	35.9680633	0.7574064	2.1527069	27.3163577	1.7076807	27.5610622	28.8385218	0.7272739	28.4406997	5.2006784	25.1566498	29.0645213	2.4323	26.2157654	4.5241579	29.0225742	3.17497	7.5766628	26.3117983	2.4047142	2.2575613	1.042903	28.8742995	2.4746084	27.7372196	28.3251474	27.3867527	22.1042175	9.2750414	2.3999573	9.5646853	7.7000528	8.6501012	7.115604	5.0716436	1.1581608	2.3302119	
0.4654883	23.5990421	15.4218433	-14.556856	-24.009995	24.4857126	21.0904711	24.8890283	-26.0185907	10.3415203	12.5458767	9.6618265	22.3337789	6.0970262	22.738239	23.3552277	11.4251154	23.1325233	10.2936265	26.0429974	23.2818707	3.8051886	25.0162311	7.3970717	27.6234232	4.4387553	11.5204283	21.3916331	5.287259	9.3816792	6.5996677	22.2516673	5.5344618	20.4640522	17.1363058	24.1713358	12.2121773	6.8456888	3.678041	8.3104969	6.9651514	8.1071928	5.5783901	2.3431923	1.9691157	2.7621075	
0.5153509	12.3242911	21.0400606	-26.4054182	-23.929053	24.5909668	9.6029385	15.6542088	-24.3972119	19.5046201	9.7652978	7.9806311	23.7610458	3.0316138	21.5126909	24.5118254	9.9931816	23.101608	5.3315223	26.4871343	20.0959498	1.7055579	19.6729449	3.8853651	25.3843044	5.0172146	6.761033	21.9998474	6.5807282	9.4038005	2.7473504	23.2363021	3.2165384	20.948126	19.8290131	19.8190392	9.4006241	5.3832882	0.928204	6.985006	6.6875721	6.2548973	4.0515937	1.6037167	0.2524196	0.1254136	
0.4797128	19.9367386	32.206249	-30.0371901	-33.9899916	35.2455298	21.663652	30.0521151	-30.9075831	30.959247	3.9079349	3.1255185	26.092322	2.9821271	25.0405155	25.6320011	4.6735771	26.7825207	5.2006802	23.3472078	25.3509129	2.6531476	25.1195743	2.1240128	26.9339212	4.6284823	3.3616624	24.0837743	3.5709085	4.1273276	1.4603849	23.6497215	1.0937765	25.0031191	25.1110897	25.7904497	18.3934789	7.3820073	2.9551159	7.8438521	7.0010245	6.295688	5.6095464	2.5170829	0.2048613	1.2397641	
0.7269763	37.2612116	30.1605266	-39.8585296	-32.6523278	38.5576659	31.3647009	16.0542493	-39.8696646	36.7502629	0.1942324	0.3314975	26.8237673	5.6260177	28.0485877	27.9506963	4.0463279	28.9228189	0.2222954	25.577295	26.4069209	0.0511828	28.8754627	0.1517632	29.0781216	1.1099345	12.7732651	28.6246177	3.8941526	0.1606078	0.6063787	29.0688286	2.5633874	18.6733502	28.4092174	14.354117	18.7146417	8.9932426	2.1195101	8.1436612	5.4419975	3.498744	7.5338048	0.2367765	0.155855	1.8360025	
0.6534488	21.6593152	37.0785087	-35.385653	-39.8513314	38.6356671	15.4106099	28.8557044	-32.9864333	28.7758542	0.4753819	2.2920556	26.9097343	0.7409642	28.9090651	27.1001035	2.8868476	26.4281595	0.6114302	28.6629625	29.3586846	2.9849719	26.275612	4.6668653	28.8916918	1.3958685	2.183798	22.7743936	2.2265612	1.5235804	1.1461785	29.0638116	3.723943	27.9176537	29.1162544	29.2603717	19.1767944	9.8532743	0.4417225	9.0104275	9.2370924	8.9770403	3.9509099	2.8662953	1.2075709	0.1353461	
0.5805055	20.0997882	36.6440594	-37.183885	-34.6264295	37.2040006	24.3665465	34.6703188	-37.026404	33.2888857	1.9994818	2.4275916	27.2163459	2.9162112	26.2157778	27.879645	1.6126188	26.5916099	0.6268204	21.7499144	27.8859821	1.5599651	27.9445788	2.0378339	27.5490439	1.6180324	9.1119958	26.0995545	5.6088063	2.6284026	1.2413465	27.5970883	3.5435885	22.8865536	28.3172928	27.0569085	16.1316023	9.0687972	4.460369	8.8155475	8.6233108	8.8384731	6.5289633	2.0017506	1.2747487	0.9381339	
0.5630477	17.7569792	37.1490476	-38.3052031	-34.5199889	38.0323876	22.737384	35.6296756	-37.8112161	33.163324	2.1207889	1.6189476	27.0588442	3.0124154	26.2497954	28.0455973	1.0635665	26.5268831	0.1398091	20.8329611	28.398674	1.4668272	28.0004314	1.9067898	27.5959715	1.4986286	10.6870397	26.2054709	6.1003473	2.6954476	0.6956015	28.0972263	3.887764	22.1625314	28.8591617	27.3454889	15.1246963	9.2366369	4.5048586	8.7546016	8.5099434	9.3347164	7.2426249	2.2171694	1.0336448	0.9615205	
0.5160807	11.7639401	37.4492371	-39.9683538	-33.0859209	39.2642237	26.1780159	38.0455836	-38.642616	35.2926676	2.3728297	0.4544947	27.1008084	1.3414862	29.058771	29.5687057	0.1334909	29.9148337	0.1398091	20.8544355	29.3147805	1.7020929	29.8662554	1.4683824	28.1414823	1.1681444	9.9544095	24.9936197	6.7238323	1.7609561	0.3119159	27.7999612	1.6821236	21.1209488	28.8088251	28.6496133	16.4871102	9.1645408	4.8374525	9.7162271	9.4863703	9.7257719	8.3338223	1.0421438	0.6842281	0.6770705	
0.5573031	18.1599687	35.9349885	-39.9116894	-35.0477471	36.8637826	28.7815344	32.5609163	-34.5241217	36.3625492	0.5303039	7.0727818	26.283911	0.8668742	28.0229718	27.8235227	2.6307709	26.0995843	0.4876862	25.7208992	26.0590169	0.2520309	26.4086003	0.0739741	26.8994528	0.5200252	0.2545477	22.4542471	3.2088196	0.5505298	0.1009205	17.9164057	0.0705236	26.1503761	25.6543079	28.2342849	18.8729815	7.6410681	5.5345761	7.7096147	8.1022864	5.6198081	0.9331685	1.2258111	1.2867925	0.6060152	
0.609154	20.2017309	36.8505506	-38.1775077	-34.6183348	37.3238438	28.3567784	31.9775168	-33.9326452	36.1166212	1.6090091	6.5116967	27.3397269	1.4087818	27.8839436	28.1473536	3.8713135	26.8782102	1.7279733	25.6225747	26.611898	1.3267489	27.2893795	0.2727314	27.7918753	0.6155413	1.1007089	23.7680586	4.4941409	0.8584596	0.7358209	20.1597619	0.909148	26.902619	26.5963976	28.4832829	19.2848728	8.3636065	5.8248418	8.251178	9.0537518	7.068012	2.3777393	1.7521865	1.954413	0.8004639	
0.6158094	16.7805579	23.6717685	-26.7163556	-21.2309718	39.7088786	35.4828135	35.9928774	-24.1736843	35.5802402	5.0036029	4.3665562	23.3549845	1.9544822	21.7804145	27.9003928	2.8951022	27.2433584	3.6901863	28.9135942	28.6972636	0.9833366	27.1102837	1.708323	25.6740891	2.0614282	0.1324952	19.6228911	1.7549669	3.1529182	3.5240257	16.4279277	1.2747385	23.2401476	21.8071049	27.6912657	22.5068503	8.0282343	5.7940021	7.7303128	7.1412478	7.4544799	0.5717915	2.5902061	3.2705744	0.0872689	
0.1913025	30.4816167	36.3131135	-35.4706295	-36.503848	36.2443324	26.9727457	34.1524879	-35.4692618	34.2425774	1.5574431	1.5880428	28.1880035	1.101935	26.4874335	26.6562993	6.4913748	27.4852306	1.1415357	26.8571818	24.6442249	0.7090543	28.2725649	1.0476997	27.6954689	2.0899019	1.2289029	26.5229205	2.0739379	1.7804362	2.4958485	27.6581876	0.9791138	27.7435804	26.7795344	25.869038	19.7093483	8.7187837	2.7598419	7.3125401	8.7836096	7.8275102	4.4237466	0.5648331	2.4478415	0.7682185	
0.1574407	32.4977473	36.6726352	-35.2147319	-36.5630613	35.7574508	27.9539656	35.7180474	-35.4604943	34.4537964	0.849421	1.1867124	27.5613344	0.956041	26.1711394	27.118675	6.77372	27.7694204	1.3837075	25.6967644	25.1219367	0.6497084	28.2867522	1.1352823	27.911014	2.3367723	1.1897055	26.8317248	1.7934667	1.7087244	2.2367181	27.2394037	1.048898	26.9922917	26.8655287	25.9750783	19.8219622	8.7894328	3.0912668	7.3235716	8.7079854	7.777626	4.2083843	0.5383078	2.2185479	0.754366	
